{"referent":"3504","class":"Bone","name":"Deer_l_HindLeg_ToeSHJnt","path":"Workspace.Animals.PREFAB_ANIMAL_DEER.Detail.RootPart.Deer_MAINSHJnt.Deer_ROOTSHJnt.Deer_l_HindLeg_HipSHJnt.Deer_l_HindLeg_Knee1SHJnt.Deer_l_HindLeg_Knee2SHJnt.Deer_l_HindLeg_AnkleSHJnt.Deer_l_HindLeg_BallSHJnt.Deer_l_HindLeg_ToeSHJnt","parent_referent":"3503","properties":{"CFrame":{"X":-0.30511474609375,"Y":0,"Z":-0.00006103515625,"R00":1,"R01":0,"R02":0,"R10":0,"R11":1,"R12":0,"R20":0,"R21":0,"R22":1},"AttributesSerialize":"","DefinesCapabilities":false,"Name":"Deer_l_HindLeg_ToeSHJnt"},"attributes":null,"tags":[]}
{"referent":"3503","class":"Bone","name":"Deer_l_HindLeg_BallSHJnt","path":"Workspace.Animals.PREFAB_ANIMAL_DEER.Detail.RootPart.Deer_MAINSHJnt.Deer_ROOTSHJnt.Deer_l_HindLeg_HipSHJnt.Deer_l_HindLeg_Knee1SHJnt.Deer_l_HindLeg_Knee2SHJnt.Deer_l_HindLeg_AnkleSHJnt.Deer_l_HindLeg_BallSHJnt","parent_referent":"3502","properties":{"CFrame":{"X":-0.249755859375,"Y":0.0000457763671875,"Z":-0.0959625244140625,"R00":-1.1920928955078125e-7,"R01":-0.0007324664620682597,"R02":-0.9999997019767761,"R10":-2.9103830456733704e-11,"R11":0.9999997019767761,"R12":-0.0007324664620682597,"R20":1,"R21":-5.82129830450917e-11,"R22":-1.1920927533992653e-7},"AttributesSerialize":"","DefinesCapabilities":false,"Name":"Deer_l_HindLeg_BallSHJnt"},"attributes":null,"tags":[]}
{"referent":"3502","class":"Bone","name":"Deer_l_HindLeg_AnkleSHJnt","path":"Workspace.Animals.PREFAB_ANIMAL_DEER.Detail.RootPart.Deer_MAINSHJnt.Deer_ROOTSHJnt.Deer_l_HindLeg_HipSHJnt.Deer_l_HindLeg_Knee1SHJnt.Deer_l_HindLeg_Knee2SHJnt.Deer_l_HindLeg_AnkleSHJnt","parent_referent":"3501","properties":{"CFrame":{"X":-0.2049560546875,"Y":-0.000030517578125,"Z":0.00006103515625,"R00":0.9512153267860413,"R01":0.029508179053664207,"R02":0.3071134090423584,"R10":-0.031198646873235703,"R11":0.9995130300521851,"R12":0.0005952883511781693,"R20":-0.3069463074207306,"R21":-0.01014777086675167,"R22":0.9516727328300476},"AttributesSerialize":"","DefinesCapabilities":false,"Name":"Deer_l_HindLeg_AnkleSHJnt"},"attributes":null,"tags":[]}
{"referent":"3501","class":"Bone","name":"Deer_l_HindLeg_Knee2SHJnt","path":"Workspace.Animals.PREFAB_ANIMAL_DEER.Detail.RootPart.Deer_MAINSHJnt.Deer_ROOTSHJnt.Deer_l_HindLeg_HipSHJnt.Deer_l_HindLeg_Knee1SHJnt.Deer_l_HindLeg_Knee2SHJnt","parent_referent":"3500","properties":{"CFrame":{"X":-1.2926025390625,"Y":-0.0000457763671875,"Z":0,"R00":0.9717215895652771,"R01":-0.0000446518424723763,"R02":-0.23612993955612183,"R10":0.00012676729238592088,"R11":0.9999999403953552,"R12":0.00033257389441132545,"R20":0.23612990975379944,"R21":-0.0003531027177814394,"R22":0.9717215299606323},"AttributesSerialize":"","DefinesCapabilities":false,"Name":"Deer_l_HindLeg_Knee2SHJnt"},"attributes":null,"tags":[]}
{"referent":"3500","class":"Bone","name":"Deer_l_HindLeg_Knee1SHJnt","path":"Workspace.Animals.PREFAB_ANIMAL_DEER.Detail.RootPart.Deer_MAINSHJnt.Deer_ROOTSHJnt.Deer_l_HindLeg_HipSHJnt.Deer_l_HindLeg_Knee1SHJnt","parent_referent":"3499","properties":{"CFrame":{"X":-1.53985595703125,"Y":0.000030517578125,"Z":0.00002288818359375,"R00":0.9687960147857666,"R01":0,"R02":-0.24785949289798737,"R10":0,"R11":1,"R12":0,"R20":0.24785949289798737,"R21":0,"R22":0.9687960147857666},"AttributesSerialize":"","DefinesCapabilities":false,"Name":"Deer_l_HindLeg_Knee1SHJnt"},"attributes":null,"tags":[]}
{"referent":"3499","class":"Bone","name":"Deer_l_HindLeg_HipSHJnt","path":"Workspace.Animals.PREFAB_ANIMAL_DEER.Detail.RootPart.Deer_MAINSHJnt.Deer_ROOTSHJnt.Deer_l_HindLeg_HipSHJnt","parent_referent":"3498","properties":{"CFrame":{"X":-0.4953765869140625,"Y":-0.37255859375,"Z":0,"R00":-0.0308612622320652,"R01":-0.9995135068893433,"R02":-0.004510781727731228,"R10":0.9839454889297485,"R11":-0.031173622235655785,"R12":0.17572610080242157,"R20":-0.1757812201976776,"R21":0.0009847655892372131,"R22":0.984428882598877},"AttributesSerialize":"","DefinesCapabilities":false,"Name":"Deer_l_HindLeg_HipSHJnt"},"attributes":null,"tags":[]}
{"referent":"3507","class":"Bone","name":"Deer_Tail_01_03SHJnt","path":"Workspace.Animals.PREFAB_ANIMAL_DEER.Detail.RootPart.Deer_MAINSHJnt.Deer_ROOTSHJnt.Deer_Tail_01_01SHJnt.Deer_Tail_01_02SHJnt.Deer_Tail_01_03SHJnt","parent_referent":"3506","properties":{"CFrame":{"X":-0.3509521484375,"Y":-0.19097900390625,"Z":0,"R00":0.888807475566864,"R01":-0.4582807719707489,"R02":0,"R10":0.4582807719707489,"R11":0.888807475566864,"R12":0,"R20":0,"R21":0,"R22":1},"AttributesSerialize":"","DefinesCapabilities":false,"Name":"Deer_Tail_01_03SHJnt"},"attributes":null,"tags":[]}
{"referent":"3506","class":"Bone","name":"Deer_Tail_01_02SHJnt","path":"Workspace.Animals.PREFAB_ANIMAL_DEER.Detail.RootPart.Deer_MAINSHJnt.Deer_ROOTSHJnt.Deer_Tail_01_01SHJnt.Deer_Tail_01_02SHJnt","parent_referent":"3505","properties":{"CFrame":{"X":-0.28546142578125,"Y":-0.15283203125,"Z":0,"R00":0.6033530235290527,"R01":-0.7974742650985718,"R02":0,"R10":0.7974742650985718,"R11":0.6033530235290527,"R12":0,"R20":0,"R21":0,"R22":1.0000001192092896},"AttributesSerialize":"","DefinesCapabilities":false,"Name":"Deer_Tail_01_02SHJnt"},"attributes":null,"tags":[]}
{"referent":"3505","class":"Bone","name":"Deer_Tail_01_01SHJnt","path":"Workspace.Animals.PREFAB_ANIMAL_DEER.Detail.RootPart.Deer_MAINSHJnt.Deer_ROOTSHJnt.Deer_Tail_01_01SHJnt","parent_referent":"3498","properties":{"CFrame":{"X":0,"Y":0.12982177734375,"Z":0.7237396240234375,"R00":0.000019729137420654297,"R01":-0.000002123415470123291,"R02":1,"R10":0.21289366483688354,"R11":0.9770753979682922,"R12":-0.0000021254713828966487,"R20":-0.9770753979682922,"R21":0.21289366483688354,"R22":0.000019728917322936468},"AttributesSerialize":"","DefinesCapabilities":false,"Name":"Deer_Tail_01_01SHJnt"},"attributes":null,"tags":[]}
{"referent":"3519","class":"Bone","name":"Deer_l_FrontLeg_ToeSHJnt","path":"Workspace.Animals.PREFAB_ANIMAL_DEER.Detail.RootPart.Deer_MAINSHJnt.Deer_ROOTSHJnt.Deer_Spine_01SHJnt.Deer_Spine_02SHJnt.Deer_Spine_03SHJnt.Deer_Spine_04SHJnt.Deer_Spine_TopSHJnt.Deer_l_Clavicle_01_01SHJnt.Deer_l_FrontLeg_HipSHJnt.Deer_l_FrontLeg_Knee1SHJnt.Deer_l_FrontLeg_Knee2SHJnt.Deer_l_FrontLeg_AnkleSHJnt.Deer_l_FrontLeg_BallSHJnt.Deer_l_FrontLeg_ToeSHJnt","parent_referent":"3518","properties":{"CFrame":{"X":-0.2400665283203125,"Y":0,"Z":0,"R00":1,"R01":0,"R02":0,"R10":0,"R11":1,"R12":0,"R20":0,"R21":0,"R22":1},"AttributesSerialize":"","DefinesCapabilities":false,"Name":"Deer_l_FrontLeg_ToeSHJnt"},"attributes":null,"tags":[]}
{"referent":"3518","class":"Bone","name":"Deer_l_FrontLeg_BallSHJnt","path":"Workspace.Animals.PREFAB_ANIMAL_DEER.Detail.RootPart.Deer_MAINSHJnt.Deer_ROOTSHJnt.Deer_Spine_01SHJnt.Deer_Spine_02SHJnt.Deer_Spine_03SHJnt.Deer_Spine_04SHJnt.Deer_Spine_TopSHJnt.Deer_l_Clavicle_01_01SHJnt.Deer_l_FrontLeg_HipSHJnt.Deer_l_FrontLeg_Knee1SHJnt.Deer_l_FrontLeg_Knee2SHJnt.Deer_l_FrontLeg_AnkleSHJnt.Deer_l_FrontLeg_BallSHJnt","parent_referent":"3517","properties":{"CFrame":{"X":-0.28082275390625,"Y":0,"Z":-0.1997222900390625,"R00":0,"R01":0,"R02":-1,"R10":0,"R11":1,"R12":0,"R20":1,"R21":0,"R22":0},"AttributesSerialize":"","DefinesCapabilities":false,"Name":"Deer_l_FrontLeg_BallSHJnt"},"attributes":null,"tags":[]}
{"referent":"3517","class":"Bone","name":"Deer_l_FrontLeg_AnkleSHJnt","path":"Workspace.Animals.PREFAB_ANIMAL_DEER.Detail.RootPart.Deer_MAINSHJnt.Deer_ROOTSHJnt.Deer_Spine_01SHJnt.Deer_Spine_02SHJnt.Deer_Spine_03SHJnt.Deer_Spine_04SHJnt.Deer_Spine_TopSHJnt.Deer_l_Clavicle_01_01SHJnt.Deer_l_FrontLeg_HipSHJnt.Deer_l_FrontLeg_Knee1SHJnt.Deer_l_FrontLeg_Knee2SHJnt.Deer_l_FrontLeg_AnkleSHJnt","parent_referent":"3516","properties":{"CFrame":{"X":-0.12725830078125,"Y":0,"Z":0.000030517578125,"R00":0.9908864498138428,"R01":0,"R02":0.1346997171640396,"R10":0,"R11":1,"R12":0,"R20":-0.1346997171640396,"R21":0,"R22":0.9908864498138428},"AttributesSerialize":"","DefinesCapabilities":false,"Name":"Deer_l_FrontLeg_AnkleSHJnt"},"attributes":null,"tags":[]}
{"referent":"3516","class":"Bone","name":"Deer_l_FrontLeg_Knee2SHJnt","path":"Workspace.Animals.PREFAB_ANIMAL_DEER.Detail.RootPart.Deer_MAINSHJnt.Deer_ROOTSHJnt.Deer_Spine_01SHJnt.Deer_Spine_02SHJnt.Deer_Spine_03SHJnt.Deer_Spine_04SHJnt.Deer_Spine_TopSHJnt.Deer_l_Clavicle_01_01SHJnt.Deer_l_FrontLeg_HipSHJnt.Deer_l_FrontLeg_Knee1SHJnt.Deer_l_FrontLeg_Knee2SHJnt","parent_referent":"3515","properties":{"CFrame":{"X":-1.0933837890625,"Y":0,"Z":-0.0000152587890625,"R00":0.9935377240180969,"R01":0,"R02":-0.11350227892398834,"R10":0,"R11":1,"R12":0,"R20":0.11350227892398834,"R21":0,"R22":0.9935377240180969},"AttributesSerialize":"","DefinesCapabilities":false,"Name":"Deer_l_FrontLeg_Knee2SHJnt"},"attributes":null,"tags":[]}
{"referent":"3515","class":"Bone","name":"Deer_l_FrontLeg_Knee1SHJnt","path":"Workspace.Animals.PREFAB_ANIMAL_DEER.Detail.RootPart.Deer_MAINSHJnt.Deer_ROOTSHJnt.Deer_Spine_01SHJnt.Deer_Spine_02SHJnt.Deer_Spine_03SHJnt.Deer_Spine_04SHJnt.Deer_Spine_TopSHJnt.Deer_l_Clavicle_01_01SHJnt.Deer_l_FrontLeg_HipSHJnt.Deer_l_FrontLeg_Knee1SHJnt","parent_referent":"3514","properties":{"CFrame":{"X":-1.7486572265625,"Y":0,"Z":0.0000152587890625,"R00":1,"R01":0,"R02":0,"R10":0,"R11":1,"R12":0,"R20":0,"R21":0,"R22":1},"AttributesSerialize":"","DefinesCapabilities":false,"Name":"Deer_l_FrontLeg_Knee1SHJnt"},"attributes":null,"tags":[]}
{"referent":"3514","class":"Bone","name":"Deer_l_FrontLeg_HipSHJnt","path":"Workspace.Animals.PREFAB_ANIMAL_DEER.Detail.RootPart.Deer_MAINSHJnt.Deer_ROOTSHJnt.Deer_Spine_01SHJnt.Deer_Spine_02SHJnt.Deer_Spine_03SHJnt.Deer_Spine_04SHJnt.Deer_Spine_TopSHJnt.Deer_l_Clavicle_01_01SHJnt.Deer_l_FrontLeg_HipSHJnt","parent_referent":"3513","properties":{"CFrame":{"X":-0.131622314453125,"Y":0,"Z":-0.37255859375,"R00":-0.0000642538070678711,"R01":-1,"R02":-0.00006289379962254316,"R10":-0.021383970975875854,"R11":0.00006425341416615993,"R12":-0.9997713565826416,"R20":0.9997713565826416,"R21":-0.00006289419980021194,"R22":-0.021383974701166153},"AttributesSerialize":"","DefinesCapabilities":false,"Name":"Deer_l_FrontLeg_HipSHJnt"},"attributes":null,"tags":[]}
{"referent":"3513","class":"Bone","name":"Deer_l_Clavicle_01_01SHJnt","path":"Workspace.Animals.PREFAB_ANIMAL_DEER.Detail.RootPart.Deer_MAINSHJnt.Deer_ROOTSHJnt.Deer_Spine_01SHJnt.Deer_Spine_02SHJnt.Deer_Spine_03SHJnt.Deer_Spine_04SHJnt.Deer_Spine_TopSHJnt.Deer_l_Clavicle_01_01SHJnt","parent_referent":"3512","properties":{"CFrame":{"X":0,"Y":-0.3604736328125,"Z":0,"R00":0,"R01":-1,"R02":0,"R10":1,"R11":0,"R12":0,"R20":0,"R21":0,"R22":1},"AttributesSerialize":"","DefinesCapabilities":false,"Name":"Deer_l_Clavicle_01_01SHJnt"},"attributes":null,"tags":[]}
{"referent":"3526","class":"Bone","name":"Deer_r_FrontLeg_ToeSHJnt","path":"Workspace.Animals.PREFAB_ANIMAL_DEER.Detail.RootPart.Deer_MAINSHJnt.Deer_ROOTSHJnt.Deer_Spine_01SHJnt.Deer_Spine_02SHJnt.Deer_Spine_03SHJnt.Deer_Spine_04SHJnt.Deer_Spine_TopSHJnt.Deer_r_Clavicle_01_01SHJnt.Deer_r_FrontLeg_HipSHJnt.Deer_r_FrontLeg_Knee1SHJnt.Deer_r_FrontLeg_Knee2SHJnt.Deer_r_FrontLeg_AnkleSHJnt.Deer_r_FrontLeg_BallSHJnt.Deer_r_FrontLeg_ToeSHJnt","parent_referent":"3525","properties":{"CFrame":{"X":-0.2400665283203125,"Y":0,"Z":0,"R00":1,"R01":0,"R02":0,"R10":0,"R11":1,"R12":0,"R20":0,"R21":0,"R22":1},"AttributesSerialize":"","DefinesCapabilities":false,"Name":"Deer_r_FrontLeg_ToeSHJnt"},"attributes":null,"tags":[]}
{"referent":"3525","class":"Bone","name":"Deer_r_FrontLeg_BallSHJnt","path":"Workspace.Animals.PREFAB_ANIMAL_DEER.Detail.RootPart.Deer_MAINSHJnt.Deer_ROOTSHJnt.Deer_Spine_01SHJnt.Deer_Spine_02SHJnt.Deer_Spine_03SHJnt.Deer_Spine_04SHJnt.Deer_Spine_TopSHJnt.Deer_r_Clavicle_01_01SHJnt.Deer_r_FrontLeg_HipSHJnt.Deer_r_FrontLeg_Knee1SHJnt.Deer_r_FrontLeg_Knee2SHJnt.Deer_r_FrontLeg_AnkleSHJnt.Deer_r_FrontLeg_BallSHJnt","parent_referent":"3524","properties":{"CFrame":{"X":-0.28070068359375,"Y":0,"Z":-0.19964599609375,"R00":0,"R01":0,"R02":-1,"R10":0,"R11":1,"R12":0,"R20":1,"R21":0,"R22":0},"AttributesSerialize":"","DefinesCapabilities":false,"Name":"Deer_r_FrontLeg_BallSHJnt"},"attributes":null,"tags":[]}
{"referent":"3524","class":"Bone","name":"Deer_r_FrontLeg_AnkleSHJnt","path":"Workspace.Animals.PREFAB_ANIMAL_DEER.Detail.RootPart.Deer_MAINSHJnt.Deer_ROOTSHJnt.Deer_Spine_01SHJnt.Deer_Spine_02SHJnt.Deer_Spine_03SHJnt.Deer_Spine_04SHJnt.Deer_Spine_TopSHJnt.Deer_r_Clavicle_01_01SHJnt.Deer_r_FrontLeg_HipSHJnt.Deer_r_FrontLeg_Knee1SHJnt.Deer_r_FrontLeg_Knee2SHJnt.Deer_r_FrontLeg_AnkleSHJnt","parent_referent":"3523","properties":{"CFrame":{"X":-0.12738037109375,"Y":0,"Z":0,"R00":0.9908864498138428,"R01":0,"R02":0.1346997171640396,"R10":0,"R11":1,"R12":0,"R20":-0.1346997171640396,"R21":0,"R22":0.9908864498138428},"AttributesSerialize":"","DefinesCapabilities":false,"Name":"Deer_r_FrontLeg_AnkleSHJnt"},"attributes":null,"tags":[]}
{"referent":"3523","class":"Bone","name":"Deer_r_FrontLeg_Knee2SHJnt","path":"Workspace.Animals.PREFAB_ANIMAL_DEER.Detail.RootPart.Deer_MAINSHJnt.Deer_ROOTSHJnt.Deer_Spine_01SHJnt.Deer_Spine_02SHJnt.Deer_Spine_03SHJnt.Deer_Spine_04SHJnt.Deer_Spine_TopSHJnt.Deer_r_Clavicle_01_01SHJnt.Deer_r_FrontLeg_HipSHJnt.Deer_r_FrontLeg_Knee1SHJnt.Deer_r_FrontLeg_Knee2SHJnt","parent_referent":"3522","properties":{"CFrame":{"X":-1.0933837890625,"Y":0,"Z":-0.0000457763671875,"R00":0.9935377240180969,"R01":0,"R02":-0.11350227892398834,"R10":0,"R11":1,"R12":0,"R20":0.11350227892398834,"R21":0,"R22":0.9935377240180969},"AttributesSerialize":"","DefinesCapabilities":false,"Name":"Deer_r_FrontLeg_Knee2SHJnt"},"attributes":null,"tags":[]}
{"referent":"3522","class":"Bone","name":"Deer_r_FrontLeg_Knee1SHJnt","path":"Workspace.Animals.PREFAB_ANIMAL_DEER.Detail.RootPart.Deer_MAINSHJnt.Deer_ROOTSHJnt.Deer_Spine_01SHJnt.Deer_Spine_02SHJnt.Deer_Spine_03SHJnt.Deer_Spine_04SHJnt.Deer_Spine_TopSHJnt.Deer_r_Clavicle_01_01SHJnt.Deer_r_FrontLeg_HipSHJnt.Deer_r_FrontLeg_Knee1SHJnt","parent_referent":"3521","properties":{"CFrame":{"X":-1.7486572265625,"Y":0,"Z":0.0000152587890625,"R00":1,"R01":0,"R02":0,"R10":0,"R11":1,"R12":0,"R20":0,"R21":0,"R22":1},"AttributesSerialize":"","DefinesCapabilities":false,"Name":"Deer_r_FrontLeg_Knee1SHJnt"},"attributes":null,"tags":[]}
{"referent":"3521","class":"Bone","name":"Deer_r_FrontLeg_HipSHJnt","path":"Workspace.Animals.PREFAB_ANIMAL_DEER.Detail.RootPart.Deer_MAINSHJnt.Deer_ROOTSHJnt.Deer_Spine_01SHJnt.Deer_Spine_02SHJnt.Deer_Spine_03SHJnt.Deer_Spine_04SHJnt.Deer_Spine_TopSHJnt.Deer_r_Clavicle_01_01SHJnt.Deer_r_FrontLeg_HipSHJnt","parent_referent":"3520","properties":{"CFrame":{"X":0.131622314453125,"Y":0,"Z":-0.37255859375,"R00":-0.0000642538070678711,"R01":-1,"R02":-0.00006289379962254316,"R10":-0.021383970975875854,"R11":0.00006425341416615993,"R12":-0.9997713565826416,"R20":0.9997713565826416,"R21":-0.00006289419980021194,"R22":-0.021383974701166153},"AttributesSerialize":"","DefinesCapabilities":false,"Name":"Deer_r_FrontLeg_HipSHJnt"},"attributes":null,"tags":[]}
{"referent":"3520","class":"Bone","name":"Deer_r_Clavicle_01_01SHJnt","path":"Workspace.Animals.PREFAB_ANIMAL_DEER.Detail.RootPart.Deer_MAINSHJnt.Deer_ROOTSHJnt.Deer_Spine_01SHJnt.Deer_Spine_02SHJnt.Deer_Spine_03SHJnt.Deer_Spine_04SHJnt.Deer_Spine_TopSHJnt.Deer_r_Clavicle_01_01SHJnt","parent_referent":"3512","properties":{"CFrame":{"X":0,"Y":0.3604736328125,"Z":0,"R00":0,"R01":-1,"R02":0,"R10":1,"R11":0,"R12":0,"R20":0,"R21":0,"R22":1},"AttributesSerialize":"","DefinesCapabilities":false,"Name":"Deer_r_Clavicle_01_01SHJnt"},"attributes":null,"tags":[]}
{"referent":"3530","class":"Bone","name":"Deer_Head_JawSHJnt","path":"Workspace.Animals.PREFAB_ANIMAL_DEER.Detail.RootPart.Deer_MAINSHJnt.Deer_ROOTSHJnt.Deer_Spine_01SHJnt.Deer_Spine_02SHJnt.Deer_Spine_03SHJnt.Deer_Spine_04SHJnt.Deer_Spine_TopSHJnt.Deer_Neck_01SHJnt.Deer_Neck_02SHJnt.Deer_Neck_TopSHJnt.Deer_Head_JawSHJnt","parent_referent":"3529","properties":{"CFrame":{"X":-0.60009765625,"Y":0,"Z":-0.876190185546875,"R00":0,"R01":-1,"R02":0,"R10":1,"R11":0,"R12":0,"R20":0,"R21":0,"R22":1},"AttributesSerialize":"","DefinesCapabilities":false,"Name":"Deer_Head_JawSHJnt"},"attributes":null,"tags":[]}
{"referent":"3534","class":"Bone","name":"Deer_r_Ear_01_03SHJnt","path":"Workspace.Animals.PREFAB_ANIMAL_DEER.Detail.RootPart.Deer_MAINSHJnt.Deer_ROOTSHJnt.Deer_Spine_01SHJnt.Deer_Spine_02SHJnt.Deer_Spine_03SHJnt.Deer_Spine_04SHJnt.Deer_Spine_TopSHJnt.Deer_Neck_01SHJnt.Deer_Neck_02SHJnt.Deer_Neck_TopSHJnt.Deer_Head_TopSHJnt.Deer_r_Ear_01_01SHJnt.Deer_r_Ear_01_02SHJnt.Deer_r_Ear_01_03SHJnt","parent_referent":"3533","properties":{"CFrame":{"X":0.41461181640625,"Y":-0.0000762939453125,"Z":0.00006103515625,"R00":1,"R01":0,"R02":0,"R10":0,"R11":1,"R12":0,"R20":0,"R21":0,"R22":1},"AttributesSerialize":"","DefinesCapabilities":false,"Name":"Deer_r_Ear_01_03SHJnt"},"attributes":null,"tags":[]}
{"referent":"3533","class":"Bone","name":"Deer_r_Ear_01_02SHJnt","path":"Workspace.Animals.PREFAB_ANIMAL_DEER.Detail.RootPart.Deer_MAINSHJnt.Deer_ROOTSHJnt.Deer_Spine_01SHJnt.Deer_Spine_02SHJnt.Deer_Spine_03SHJnt.Deer_Spine_04SHJnt.Deer_Spine_TopSHJnt.Deer_Neck_01SHJnt.Deer_Neck_02SHJnt.Deer_Neck_TopSHJnt.Deer_Head_TopSHJnt.Deer_r_Ear_01_01SHJnt.Deer_r_Ear_01_02SHJnt","parent_referent":"3532","properties":{"CFrame":{"X":0.36004638671875,"Y":0.0000457763671875,"Z":0.000091552734375,"R00":0.9848576188087463,"R01":0,"R02":-0.17336516082286835,"R10":0,"R11":1,"R12":0,"R20":0.17336516082286835,"R21":0,"R22":0.9848576188087463},"AttributesSerialize":"","DefinesCapabilities":false,"Name":"Deer_r_Ear_01_02SHJnt"},"attributes":null,"tags":[]}
{"referent":"3532","class":"Bone","name":"Deer_r_Ear_01_01SHJnt","path":"Workspace.Animals.PREFAB_ANIMAL_DEER.Detail.RootPart.Deer_MAINSHJnt.Deer_ROOTSHJnt.Deer_Spine_01SHJnt.Deer_Spine_02SHJnt.Deer_Spine_03SHJnt.Deer_Spine_04SHJnt.Deer_Spine_TopSHJnt.Deer_Neck_01SHJnt.Deer_Neck_02SHJnt.Deer_Neck_TopSHJnt.Deer_Head_TopSHJnt.Deer_r_Ear_01_01SHJnt","parent_referent":"3531","properties":{"CFrame":{"X":0.3309173583984375,"Y":-0.243408203125,"Z":0.1149444580078125,"R00":0.7844618558883667,"R01":-0.03921172022819519,"R02":-0.6189362406730652,"R10":0.6199132204055786,"R11":0.02046680636703968,"R12":0.7844034433364868,"R20":-0.018090158700942993,"R21":-0.9990212917327881,"R22":0.04036329314112663},"AttributesSerialize":"","DefinesCapabilities":false,"Name":"Deer_r_Ear_01_01SHJnt"},"attributes":null,"tags":[]}
{"referent":"3537","class":"Bone","name":"Deer_l_Ear_01_03SHJnt","path":"Workspace.Animals.PREFAB_ANIMAL_DEER.Detail.RootPart.Deer_MAINSHJnt.Deer_ROOTSHJnt.Deer_Spine_01SHJnt.Deer_Spine_02SHJnt.Deer_Spine_03SHJnt.Deer_Spine_04SHJnt.Deer_Spine_TopSHJnt.Deer_Neck_01SHJnt.Deer_Neck_02SHJnt.Deer_Neck_TopSHJnt.Deer_Head_TopSHJnt.Deer_l_Ear_01_01SHJnt.Deer_l_Ear_01_02SHJnt.Deer_l_Ear_01_03SHJnt","parent_referent":"3536","properties":{"CFrame":{"X":-0.414581298828125,"Y":-0.0000457763671875,"Z":0.00018310546875,"R00":1,"R01":0,"R02":0,"R10":0,"R11":1,"R12":0,"R20":0,"R21":0,"R22":1},"AttributesSerialize":"","DefinesCapabilities":false,"Name":"Deer_l_Ear_01_03SHJnt"},"attributes":null,"tags":[]}
{"referent":"3536","class":"Bone","name":"Deer_l_Ear_01_02SHJnt","path":"Workspace.Animals.PREFAB_ANIMAL_DEER.Detail.RootPart.Deer_MAINSHJnt.Deer_ROOTSHJnt.Deer_Spine_01SHJnt.Deer_Spine_02SHJnt.Deer_Spine_03SHJnt.Deer_Spine_04SHJnt.Deer_Spine_TopSHJnt.Deer_Neck_01SHJnt.Deer_Neck_02SHJnt.Deer_Neck_TopSHJnt.Deer_Head_TopSHJnt.Deer_l_Ear_01_01SHJnt.Deer_l_Ear_01_02SHJnt","parent_referent":"3535","properties":{"CFrame":{"X":-0.36004638671875,"Y":0.0000457763671875,"Z":-0.0001220703125,"R00":0.9848576188087463,"R01":0,"R02":0.17336516082286835,"R10":0,"R11":1,"R12":0,"R20":-0.17336516082286835,"R21":0,"R22":0.9848576188087463},"AttributesSerialize":"","DefinesCapabilities":false,"Name":"Deer_l_Ear_01_02SHJnt"},"attributes":null,"tags":[]}
{"referent":"3535","class":"Bone","name":"Deer_l_Ear_01_01SHJnt","path":"Workspace.Animals.PREFAB_ANIMAL_DEER.Detail.RootPart.Deer_MAINSHJnt.Deer_ROOTSHJnt.Deer_Spine_01SHJnt.Deer_Spine_02SHJnt.Deer_Spine_03SHJnt.Deer_Spine_04SHJnt.Deer_Spine_TopSHJnt.Deer_Neck_01SHJnt.Deer_Neck_02SHJnt.Deer_Neck_TopSHJnt.Deer_Head_TopSHJnt.Deer_l_Ear_01_01SHJnt","parent_referent":"3531","properties":{"CFrame":{"X":-0.3309173583984375,"Y":-0.243408203125,"Z":0.1149444580078125,"R00":0.7844618558883667,"R01":0.03921172022819519,"R02":0.6189362406730652,"R10":-0.6199132204055786,"R11":0.02046680636703968,"R12":0.7844034433364868,"R20":0.018090158700942993,"R21":-0.9990212917327881,"R22":0.04036329314112663},"AttributesSerialize":"","DefinesCapabilities":false,"Name":"Deer_l_Ear_01_01SHJnt"},"attributes":null,"tags":[]}
{"referent":"3531","class":"Bone","name":"Deer_Head_TopSHJnt","path":"Workspace.Animals.PREFAB_ANIMAL_DEER.Detail.RootPart.Deer_MAINSHJnt.Deer_ROOTSHJnt.Deer_Spine_01SHJnt.Deer_Spine_02SHJnt.Deer_Spine_03SHJnt.Deer_Spine_04SHJnt.Deer_Spine_TopSHJnt.Deer_Neck_01SHJnt.Deer_Neck_02SHJnt.Deer_Neck_TopSHJnt.Deer_Head_TopSHJnt","parent_referent":"3529","properties":{"CFrame":{"X":-1.18365478515625,"Y":0,"Z":0.050323486328125,"R00":-0.00004696846008300781,"R01":-0.9412041902542114,"R02":0.3378383219242096,"R10":1,"R11":-0.000046965644287411124,"R12":0.000008182025339920074,"R20":0.000008165836334228516,"R21":0.3378383219242096,"R22":0.9412041902542114},"AttributesSerialize":"","DefinesCapabilities":false,"Name":"Deer_Head_TopSHJnt"},"attributes":null,"tags":[]}
{"referent":"3529","class":"Bone","name":"Deer_Neck_TopSHJnt","path":"Workspace.Animals.PREFAB_ANIMAL_DEER.Detail.RootPart.Deer_MAINSHJnt.Deer_ROOTSHJnt.Deer_Spine_01SHJnt.Deer_Spine_02SHJnt.Deer_Spine_03SHJnt.Deer_Spine_04SHJnt.Deer_Spine_TopSHJnt.Deer_Neck_01SHJnt.Deer_Neck_02SHJnt.Deer_Neck_TopSHJnt","parent_referent":"3528","properties":{"CFrame":{"X":-0.575927734375,"Y":0,"Z":-0.086029052734375,"R00":0.9959235787391663,"R01":0,"R02":0.0902007669210434,"R10":0,"R11":1,"R12":0,"R20":-0.0902007669210434,"R21":0,"R22":0.9959235787391663},"AttributesSerialize":"","DefinesCapabilities":false,"Name":"Deer_Neck_TopSHJnt"},"attributes":null,"tags":[]}
{"referent":"3528","class":"Bone","name":"Deer_Neck_02SHJnt","path":"Workspace.Animals.PREFAB_ANIMAL_DEER.Detail.RootPart.Deer_MAINSHJnt.Deer_ROOTSHJnt.Deer_Spine_01SHJnt.Deer_Spine_02SHJnt.Deer_Spine_03SHJnt.Deer_Spine_04SHJnt.Deer_Spine_TopSHJnt.Deer_Neck_01SHJnt.Deer_Neck_02SHJnt","parent_referent":"3527","properties":{"CFrame":{"X":-0.58148193359375,"Y":0,"Z":-0.014373779296875,"R00":0.9715158343315125,"R01":0,"R02":0.23697462677955627,"R10":0,"R11":1,"R12":0,"R20":-0.23697462677955627,"R21":0,"R22":0.9715158343315125},"AttributesSerialize":"","DefinesCapabilities":false,"Name":"Deer_Neck_02SHJnt"},"attributes":null,"tags":[]}
{"referent":"3527","class":"Bone","name":"Deer_Neck_01SHJnt","path":"Workspace.Animals.PREFAB_ANIMAL_DEER.Detail.RootPart.Deer_MAINSHJnt.Deer_ROOTSHJnt.Deer_Spine_01SHJnt.Deer_Spine_02SHJnt.Deer_Spine_03SHJnt.Deer_Spine_04SHJnt.Deer_Spine_TopSHJnt.Deer_Neck_01SHJnt","parent_referent":"3512","properties":{"CFrame":{"X":-0.45318603515625,"Y":0,"Z":0.34991455078125,"R00":0.6406441926956177,"R01":0,"R02":0.7678380012512207,"R10":0,"R11":1,"R12":0,"R20":-0.7678380012512207,"R21":0,"R22":0.6406441926956177},"AttributesSerialize":"","DefinesCapabilities":false,"Name":"Deer_Neck_01SHJnt"},"attributes":null,"tags":[]}
{"referent":"3512","class":"Bone","name":"Deer_Spine_TopSHJnt","path":"Workspace.Animals.PREFAB_ANIMAL_DEER.Detail.RootPart.Deer_MAINSHJnt.Deer_ROOTSHJnt.Deer_Spine_01SHJnt.Deer_Spine_02SHJnt.Deer_Spine_03SHJnt.Deer_Spine_04SHJnt.Deer_Spine_TopSHJnt","parent_referent":"3511","properties":{"CFrame":{"X":-0.6646881103515625,"Y":0,"Z":0.0294189453125,"R00":1,"R01":0,"R02":0,"R10":0,"R11":1,"R12":0,"R20":0,"R21":0,"R22":1},"AttributesSerialize":"","DefinesCapabilities":false,"Name":"Deer_Spine_TopSHJnt"},"attributes":null,"tags":[]}
{"referent":"3511","class":"Bone","name":"Deer_Spine_04SHJnt","path":"Workspace.Animals.PREFAB_ANIMAL_DEER.Detail.RootPart.Deer_MAINSHJnt.Deer_ROOTSHJnt.Deer_Spine_01SHJnt.Deer_Spine_02SHJnt.Deer_Spine_03SHJnt.Deer_Spine_04SHJnt","parent_referent":"3510","properties":{"CFrame":{"X":-0.6646270751953125,"Y":0,"Z":0.044189453125,"R00":1,"R01":0,"R02":0,"R10":0,"R11":1,"R12":0,"R20":0,"R21":0,"R22":1},"AttributesSerialize":"","DefinesCapabilities":false,"Name":"Deer_Spine_04SHJnt"},"attributes":null,"tags":[]}
{"referent":"3510","class":"Bone","name":"Deer_Spine_03SHJnt","path":"Workspace.Animals.PREFAB_ANIMAL_DEER.Detail.RootPart.Deer_MAINSHJnt.Deer_ROOTSHJnt.Deer_Spine_01SHJnt.Deer_Spine_02SHJnt.Deer_Spine_03SHJnt","parent_referent":"3509","properties":{"CFrame":{"X":-0.6656494140625,"Y":0,"Z":-0.0108642578125,"R00":0.9979652762413025,"R01":0,"R02":0.06375951319932938,"R10":0,"R11":-1,"R12":0,"R20":0.06375951319932938,"R21":0,"R22":-0.9979652762413025},"AttributesSerialize":"","DefinesCapabilities":false,"Name":"Deer_Spine_03SHJnt"},"attributes":null,"tags":[]}
{"referent":"3509","class":"Bone","name":"Deer_Spine_02SHJnt","path":"Workspace.Animals.PREFAB_ANIMAL_DEER.Detail.RootPart.Deer_MAINSHJnt.Deer_ROOTSHJnt.Deer_Spine_01SHJnt.Deer_Spine_02SHJnt","parent_referent":"3508","properties":{"CFrame":{"X":-0.6645050048828125,"Y":0,"Z":-0.021240234375,"R00":1,"R01":0,"R02":0,"R10":0,"R11":1,"R12":0,"R20":0,"R21":0,"R22":1},"AttributesSerialize":"","DefinesCapabilities":false,"Name":"Deer_Spine_02SHJnt"},"attributes":null,"tags":[]}
{"referent":"3508","class":"Bone","name":"Deer_Spine_01SHJnt","path":"Workspace.Animals.PREFAB_ANIMAL_DEER.Detail.RootPart.Deer_MAINSHJnt.Deer_ROOTSHJnt.Deer_Spine_01SHJnt","parent_referent":"3498","properties":{"CFrame":{"X":0,"Y":-0.02081298828125,"Z":-0.6646881103515625,"R00":-0.000023484233679482713,"R01":-1,"R02":0.000022031677872291766,"R10":0.0637822225689888,"R11":-0.00002348469388380181,"R12":-0.9979639053344727,"R20":0.9979639053344727,"R21":-0.00002203118674515281,"R22":0.0637822225689888},"AttributesSerialize":"","DefinesCapabilities":false,"Name":"Deer_Spine_01SHJnt"},"attributes":null,"tags":[]}
{"referent":"3543","class":"Bone","name":"Deer_r_HindLeg_ToeSHJnt","path":"Workspace.Animals.PREFAB_ANIMAL_DEER.Detail.RootPart.Deer_MAINSHJnt.Deer_ROOTSHJnt.Deer_r_HindLeg_HipSHJnt.Deer_r_HindLeg_Knee1SHJnt.Deer_r_HindLeg_Knee2SHJnt.Deer_r_HindLeg_AnkleSHJnt.Deer_r_HindLeg_BallSHJnt.Deer_r_HindLeg_ToeSHJnt","parent_referent":"3542","properties":{"CFrame":{"X":-0.3051300048828125,"Y":0,"Z":-0.00006103515625,"R00":1,"R01":0,"R02":0,"R10":0,"R11":1,"R12":0,"R20":0,"R21":0,"R22":1},"AttributesSerialize":"","DefinesCapabilities":false,"Name":"Deer_r_HindLeg_ToeSHJnt"},"attributes":null,"tags":[]}
{"referent":"3542","class":"Bone","name":"Deer_r_HindLeg_BallSHJnt","path":"Workspace.Animals.PREFAB_ANIMAL_DEER.Detail.RootPart.Deer_MAINSHJnt.Deer_ROOTSHJnt.Deer_r_HindLeg_HipSHJnt.Deer_r_HindLeg_Knee1SHJnt.Deer_r_HindLeg_Knee2SHJnt.Deer_r_HindLeg_AnkleSHJnt.Deer_r_HindLeg_BallSHJnt","parent_referent":"3541","properties":{"CFrame":{"X":-0.249755859375,"Y":-0.0000457763671875,"Z":-0.095916748046875,"R00":-2.3841855067985307e-7,"R01":0.0004883110523223877,"R02":-0.9999998807907104,"R10":2.9103826987286752e-11,"R11":0.9999998807907104,"R12":0.0004883110523223877,"R20":1,"R21":8.731858985866481e-11,"R22":-2.3841853646899835e-7},"AttributesSerialize":"","DefinesCapabilities":false,"Name":"Deer_r_HindLeg_BallSHJnt"},"attributes":null,"tags":[]}
{"referent":"3541","class":"Bone","name":"Deer_r_HindLeg_AnkleSHJnt","path":"Workspace.Animals.PREFAB_ANIMAL_DEER.Detail.RootPart.Deer_MAINSHJnt.Deer_ROOTSHJnt.Deer_r_HindLeg_HipSHJnt.Deer_r_HindLeg_Knee1SHJnt.Deer_r_HindLeg_Knee2SHJnt.Deer_r_HindLeg_AnkleSHJnt","parent_referent":"3540","properties":{"CFrame":{"X":-0.204833984375,"Y":0.00006103515625,"Z":0.000030517578125,"R00":0.9512153267860413,"R01":-0.029508179053664207,"R02":0.3071134090423584,"R10":0.031198646873235703,"R11":0.9995130300521851,"R12":-0.0005952883511781693,"R20":-0.3069463074207306,"R21":0.01014777086675167,"R22":0.9516727328300476},"AttributesSerialize":"","DefinesCapabilities":false,"Name":"Deer_r_HindLeg_AnkleSHJnt"},"attributes":null,"tags":[]}
{"referent":"3540","class":"Bone","name":"Deer_r_HindLeg_Knee2SHJnt","path":"Workspace.Animals.PREFAB_ANIMAL_DEER.Detail.RootPart.Deer_MAINSHJnt.Deer_ROOTSHJnt.Deer_r_HindLeg_HipSHJnt.Deer_r_HindLeg_Knee1SHJnt.Deer_r_HindLeg_Knee2SHJnt","parent_referent":"3539","properties":{"CFrame":{"X":-1.2928466796875,"Y":0.0000152587890625,"Z":-0.000030517578125,"R00":0.9717215895652771,"R01":0.0000446518424723763,"R02":-0.23612993955612183,"R10":-0.00012676729238592088,"R11":0.9999999403953552,"R12":-0.00033257389441132545,"R20":0.23612990975379944,"R21":0.0003531027177814394,"R22":0.9717215299606323},"AttributesSerialize":"","DefinesCapabilities":false,"Name":"Deer_r_HindLeg_Knee2SHJnt"},"attributes":null,"tags":[]}
{"referent":"3539","class":"Bone","name":"Deer_r_HindLeg_Knee1SHJnt","path":"Workspace.Animals.PREFAB_ANIMAL_DEER.Detail.RootPart.Deer_MAINSHJnt.Deer_ROOTSHJnt.Deer_r_HindLeg_HipSHJnt.Deer_r_HindLeg_Knee1SHJnt","parent_referent":"3538","properties":{"CFrame":{"X":-1.53973388671875,"Y":-0.000030517578125,"Z":0.0000457763671875,"R00":0.9687960147857666,"R01":0,"R02":-0.24785949289798737,"R10":0,"R11":1,"R12":0,"R20":0.24785949289798737,"R21":0,"R22":0.9687960147857666},"AttributesSerialize":"","DefinesCapabilities":false,"Name":"Deer_r_HindLeg_Knee1SHJnt"},"attributes":null,"tags":[]}
{"referent":"3538","class":"Bone","name":"Deer_r_HindLeg_HipSHJnt","path":"Workspace.Animals.PREFAB_ANIMAL_DEER.Detail.RootPart.Deer_MAINSHJnt.Deer_ROOTSHJnt.Deer_r_HindLeg_HipSHJnt","parent_referent":"3498","properties":{"CFrame":{"X":0.4953765869140625,"Y":-0.37255859375,"Z":0,"R00":0.030861321836709976,"R01":-0.9995135068893433,"R02":0.00451077101752162,"R10":0.9839454889297485,"R11":0.03117367997765541,"R12":0.17572610080242157,"R20":-0.1757812201976776,"R21":-0.000984786543995142,"R22":0.984428882598877},"AttributesSerialize":"","DefinesCapabilities":false,"Name":"Deer_r_HindLeg_HipSHJnt"},"attributes":null,"tags":[]}
{"referent":"3498","class":"Bone","name":"Deer_ROOTSHJnt","path":"Workspace.Animals.PREFAB_ANIMAL_DEER.Detail.RootPart.Deer_MAINSHJnt.Deer_ROOTSHJnt","parent_referent":"3497","properties":{"CFrame":{"X":0,"Y":3.620849609375,"Z":1.5822296142578125,"R00":1,"R01":0,"R02":0,"R10":0,"R11":1,"R12":0,"R20":0,"R21":0,"R22":1},"AttributesSerialize":"","DefinesCapabilities":false,"Name":"Deer_ROOTSHJnt"},"attributes":null,"tags":[]}
{"referent":"3497","class":"Bone","name":"Deer_MAINSHJnt","path":"Workspace.Animals.PREFAB_ANIMAL_DEER.Detail.RootPart.Deer_MAINSHJnt","parent_referent":"3483","properties":{"AttributesSerialize":"","DefinesCapabilities":false,"Name":"Deer_MAINSHJnt"},"attributes":null,"tags":[]}
{"referent":"3561","class":"Bone","name":"Deer_Tail_01_03SHJnt","path":"Workspace.Animals.PREFAB_ANIMAL_DEER.Detail.RootPart.Deer_MAINSHJnt.Deer_ROOTSHJnt.Deer_Tail_01_01SHJnt.Deer_Tail_01_02SHJnt.Deer_Tail_01_03SHJnt","parent_referent":"3560","properties":{"CFrame":{"X":-0.3509521484375,"Y":-0.19097900390625,"Z":0,"R00":0.888807475566864,"R01":-0.4582807719707489,"R02":0,"R10":0.4582807719707489,"R11":0.888807475566864,"R12":0,"R20":0,"R21":0,"R22":1},"AttributesSerialize":"","DefinesCapabilities":false,"Name":"Deer_Tail_01_03SHJnt"},"attributes":null,"tags":[]}
{"referent":"3560","class":"Bone","name":"Deer_Tail_01_02SHJnt","path":"Workspace.Animals.PREFAB_ANIMAL_DEER.Detail.RootPart.Deer_MAINSHJnt.Deer_ROOTSHJnt.Deer_Tail_01_01SHJnt.Deer_Tail_01_02SHJnt","parent_referent":"3559","properties":{"CFrame":{"X":-0.28546142578125,"Y":-0.15283203125,"Z":0,"R00":0.6033530235290527,"R01":-0.7974742650985718,"R02":0,"R10":0.7974742650985718,"R11":0.6033530235290527,"R12":0,"R20":0,"R21":0,"R22":1.0000001192092896},"AttributesSerialize":"","DefinesCapabilities":false,"Name":"Deer_Tail_01_02SHJnt"},"attributes":null,"tags":[]}
{"referent":"3559","class":"Bone","name":"Deer_Tail_01_01SHJnt","path":"Workspace.Animals.PREFAB_ANIMAL_DEER.Detail.RootPart.Deer_MAINSHJnt.Deer_ROOTSHJnt.Deer_Tail_01_01SHJnt","parent_referent":"3558","properties":{"CFrame":{"X":0,"Y":0.12982177734375,"Z":0.7237396240234375,"R00":0.000019729137420654297,"R01":-0.000002123415470123291,"R02":1,"R10":0.21289366483688354,"R11":0.9770753979682922,"R12":-0.0000021254713828966487,"R20":-0.9770753979682922,"R21":0.21289366483688354,"R22":0.000019728917322936468},"AttributesSerialize":"","DefinesCapabilities":false,"Name":"Deer_Tail_01_01SHJnt"},"attributes":null,"tags":[]}
{"referent":"3567","class":"Bone","name":"Deer_r_HindLeg_ToeSHJnt","path":"Workspace.Animals.PREFAB_ANIMAL_DEER.Detail.RootPart.Deer_MAINSHJnt.Deer_ROOTSHJnt.Deer_r_HindLeg_HipSHJnt.Deer_r_HindLeg_Knee1SHJnt.Deer_r_HindLeg_Knee2SHJnt.Deer_r_HindLeg_AnkleSHJnt.Deer_r_HindLeg_BallSHJnt.Deer_r_HindLeg_ToeSHJnt","parent_referent":"3566","properties":{"CFrame":{"X":-0.3051300048828125,"Y":0,"Z":-0.00006103515625,"R00":1,"R01":0,"R02":0,"R10":0,"R11":1,"R12":0,"R20":0,"R21":0,"R22":1},"AttributesSerialize":"","DefinesCapabilities":false,"Name":"Deer_r_HindLeg_ToeSHJnt"},"attributes":null,"tags":[]}
{"referent":"3566","class":"Bone","name":"Deer_r_HindLeg_BallSHJnt","path":"Workspace.Animals.PREFAB_ANIMAL_DEER.Detail.RootPart.Deer_MAINSHJnt.Deer_ROOTSHJnt.Deer_r_HindLeg_HipSHJnt.Deer_r_HindLeg_Knee1SHJnt.Deer_r_HindLeg_Knee2SHJnt.Deer_r_HindLeg_AnkleSHJnt.Deer_r_HindLeg_BallSHJnt","parent_referent":"3565","properties":{"CFrame":{"X":-0.249755859375,"Y":-0.0000457763671875,"Z":-0.095916748046875,"R00":-2.3841855067985307e-7,"R01":0.0004883110523223877,"R02":-0.9999998807907104,"R10":2.9103826987286752e-11,"R11":0.9999998807907104,"R12":0.0004883110523223877,"R20":1,"R21":8.731858985866481e-11,"R22":-2.3841853646899835e-7},"AttributesSerialize":"","DefinesCapabilities":false,"Name":"Deer_r_HindLeg_BallSHJnt"},"attributes":null,"tags":[]}
{"referent":"3565","class":"Bone","name":"Deer_r_HindLeg_AnkleSHJnt","path":"Workspace.Animals.PREFAB_ANIMAL_DEER.Detail.RootPart.Deer_MAINSHJnt.Deer_ROOTSHJnt.Deer_r_HindLeg_HipSHJnt.Deer_r_HindLeg_Knee1SHJnt.Deer_r_HindLeg_Knee2SHJnt.Deer_r_HindLeg_AnkleSHJnt","parent_referent":"3564","properties":{"CFrame":{"X":-0.204833984375,"Y":0.00006103515625,"Z":0.000030517578125,"R00":0.9512153267860413,"R01":-0.029508179053664207,"R02":0.3071134090423584,"R10":0.031198646873235703,"R11":0.9995130300521851,"R12":-0.0005952883511781693,"R20":-0.3069463074207306,"R21":0.01014777086675167,"R22":0.9516727328300476},"AttributesSerialize":"","DefinesCapabilities":false,"Name":"Deer_r_HindLeg_AnkleSHJnt"},"attributes":null,"tags":[]}
{"referent":"3564","class":"Bone","name":"Deer_r_HindLeg_Knee2SHJnt","path":"Workspace.Animals.PREFAB_ANIMAL_DEER.Detail.RootPart.Deer_MAINSHJnt.Deer_ROOTSHJnt.Deer_r_HindLeg_HipSHJnt.Deer_r_HindLeg_Knee1SHJnt.Deer_r_HindLeg_Knee2SHJnt","parent_referent":"3563","properties":{"CFrame":{"X":-1.2928466796875,"Y":0.0000152587890625,"Z":-0.000030517578125,"R00":0.9717215895652771,"R01":0.0000446518424723763,"R02":-0.23612993955612183,"R10":-0.00012676729238592088,"R11":0.9999999403953552,"R12":-0.00033257389441132545,"R20":0.23612990975379944,"R21":0.0003531027177814394,"R22":0.9717215299606323},"AttributesSerialize":"","DefinesCapabilities":false,"Name":"Deer_r_HindLeg_Knee2SHJnt"},"attributes":null,"tags":[]}
{"referent":"3563","class":"Bone","name":"Deer_r_HindLeg_Knee1SHJnt","path":"Workspace.Animals.PREFAB_ANIMAL_DEER.Detail.RootPart.Deer_MAINSHJnt.Deer_ROOTSHJnt.Deer_r_HindLeg_HipSHJnt.Deer_r_HindLeg_Knee1SHJnt","parent_referent":"3562","properties":{"CFrame":{"X":-1.53973388671875,"Y":-0.000030517578125,"Z":0.0000457763671875,"R00":0.9687960147857666,"R01":0,"R02":-0.24785949289798737,"R10":0,"R11":1,"R12":0,"R20":0.24785949289798737,"R21":0,"R22":0.9687960147857666},"AttributesSerialize":"","DefinesCapabilities":false,"Name":"Deer_r_HindLeg_Knee1SHJnt"},"attributes":null,"tags":[]}
{"referent":"3562","class":"Bone","name":"Deer_r_HindLeg_HipSHJnt","path":"Workspace.Animals.PREFAB_ANIMAL_DEER.Detail.RootPart.Deer_MAINSHJnt.Deer_ROOTSHJnt.Deer_r_HindLeg_HipSHJnt","parent_referent":"3558","properties":{"CFrame":{"X":0.4953765869140625,"Y":-0.37255859375,"Z":0,"R00":0.030861321836709976,"R01":-0.9995135068893433,"R02":0.00451077101752162,"R10":0.9839454889297485,"R11":0.03117367997765541,"R12":0.17572610080242157,"R20":-0.1757812201976776,"R21":-0.000984786543995142,"R22":0.984428882598877},"AttributesSerialize":"","DefinesCapabilities":false,"Name":"Deer_r_HindLeg_HipSHJnt"},"attributes":null,"tags":[]}
{"referent":"3573","class":"Bone","name":"Deer_l_HindLeg_ToeSHJnt","path":"Workspace.Animals.PREFAB_ANIMAL_DEER.Detail.RootPart.Deer_MAINSHJnt.Deer_ROOTSHJnt.Deer_l_HindLeg_HipSHJnt.Deer_l_HindLeg_Knee1SHJnt.Deer_l_HindLeg_Knee2SHJnt.Deer_l_HindLeg_AnkleSHJnt.Deer_l_HindLeg_BallSHJnt.Deer_l_HindLeg_ToeSHJnt","parent_referent":"3572","properties":{"CFrame":{"X":-0.30511474609375,"Y":0,"Z":-0.00006103515625,"R00":1,"R01":0,"R02":0,"R10":0,"R11":1,"R12":0,"R20":0,"R21":0,"R22":1},"AttributesSerialize":"","DefinesCapabilities":false,"Name":"Deer_l_HindLeg_ToeSHJnt"},"attributes":null,"tags":[]}
{"referent":"3572","class":"Bone","name":"Deer_l_HindLeg_BallSHJnt","path":"Workspace.Animals.PREFAB_ANIMAL_DEER.Detail.RootPart.Deer_MAINSHJnt.Deer_ROOTSHJnt.Deer_l_HindLeg_HipSHJnt.Deer_l_HindLeg_Knee1SHJnt.Deer_l_HindLeg_Knee2SHJnt.Deer_l_HindLeg_AnkleSHJnt.Deer_l_HindLeg_BallSHJnt","parent_referent":"3571","properties":{"CFrame":{"X":-0.249755859375,"Y":0.0000457763671875,"Z":-0.0959625244140625,"R00":-1.1920928955078125e-7,"R01":-0.0007324664620682597,"R02":-0.9999997019767761,"R10":-2.9103830456733704e-11,"R11":0.9999997019767761,"R12":-0.0007324664620682597,"R20":1,"R21":-5.82129830450917e-11,"R22":-1.1920927533992653e-7},"AttributesSerialize":"","DefinesCapabilities":false,"Name":"Deer_l_HindLeg_BallSHJnt"},"attributes":null,"tags":[]}
{"referent":"3571","class":"Bone","name":"Deer_l_HindLeg_AnkleSHJnt","path":"Workspace.Animals.PREFAB_ANIMAL_DEER.Detail.RootPart.Deer_MAINSHJnt.Deer_ROOTSHJnt.Deer_l_HindLeg_HipSHJnt.Deer_l_HindLeg_Knee1SHJnt.Deer_l_HindLeg_Knee2SHJnt.Deer_l_HindLeg_AnkleSHJnt","parent_referent":"3570","properties":{"CFrame":{"X":-0.2049560546875,"Y":-0.000030517578125,"Z":0.00006103515625,"R00":0.9512153267860413,"R01":0.029508179053664207,"R02":0.3071134090423584,"R10":-0.031198646873235703,"R11":0.9995130300521851,"R12":0.0005952883511781693,"R20":-0.3069463074207306,"R21":-0.01014777086675167,"R22":0.9516727328300476},"AttributesSerialize":"","DefinesCapabilities":false,"Name":"Deer_l_HindLeg_AnkleSHJnt"},"attributes":null,"tags":[]}
{"referent":"3570","class":"Bone","name":"Deer_l_HindLeg_Knee2SHJnt","path":"Workspace.Animals.PREFAB_ANIMAL_DEER.Detail.RootPart.Deer_MAINSHJnt.Deer_ROOTSHJnt.Deer_l_HindLeg_HipSHJnt.Deer_l_HindLeg_Knee1SHJnt.Deer_l_HindLeg_Knee2SHJnt","parent_referent":"3569","properties":{"CFrame":{"X":-1.2926025390625,"Y":-0.0000457763671875,"Z":0,"R00":0.9717215895652771,"R01":-0.0000446518424723763,"R02":-0.23612993955612183,"R10":0.00012676729238592088,"R11":0.9999999403953552,"R12":0.00033257389441132545,"R20":0.23612990975379944,"R21":-0.0003531027177814394,"R22":0.9717215299606323},"AttributesSerialize":"","DefinesCapabilities":false,"Name":"Deer_l_HindLeg_Knee2SHJnt"},"attributes":null,"tags":[]}
{"referent":"3569","class":"Bone","name":"Deer_l_HindLeg_Knee1SHJnt","path":"Workspace.Animals.PREFAB_ANIMAL_DEER.Detail.RootPart.Deer_MAINSHJnt.Deer_ROOTSHJnt.Deer_l_HindLeg_HipSHJnt.Deer_l_HindLeg_Knee1SHJnt","parent_referent":"3568","properties":{"CFrame":{"X":-1.53985595703125,"Y":0.000030517578125,"Z":0.00002288818359375,"R00":0.9687960147857666,"R01":0,"R02":-0.24785949289798737,"R10":0,"R11":1,"R12":0,"R20":0.24785949289798737,"R21":0,"R22":0.9687960147857666},"AttributesSerialize":"","DefinesCapabilities":false,"Name":"Deer_l_HindLeg_Knee1SHJnt"},"attributes":null,"tags":[]}
