{"referent":"37538","class":"WeldConstraint","name":"WeldConstraint","path":"ReplicatedStorage.Benches.Salvaged Flycopter.Default.Colliders.Part.WeldConstraint","parent_referent":"37537","properties":{"CFrame0":{"X":0.000244140625,"Y":-4.195869445800781,"Z":0.8642578125,"R00":1,"R01":0,"R02":0.00017264402413275093,"R10":0,"R11":1,"R12":0,"R20":-0.00017264402413275093,"R21":0,"R22":1},"Part0Internal":"37537","Part1Internal":"37539","State":3,"AttributesSerialize":"","DefinesCapabilities":false},"attributes":null,"tags":[]}
{"referent":"37541","class":"WeldConstraint","name":"WeldConstraint","path":"ReplicatedStorage.Benches.Salvaged Flycopter.Default.Colliders.Part.WeldConstraint","parent_referent":"37540","properties":{"CFrame0":{"X":1.280517578125,"Y":0.22589111328125,"Z":-8.48583984375,"R00":0.9896465539932251,"R01":-0.1435258537530899,"R02":0.0001721965818433091,"R10":0.1435258537530899,"R11":0.9896465539932251,"R12":0.000012421633982739877,"R20":-0.0001721965818433091,"R21":0.000012421633982739877,"R22":1},"Part0Internal":"37540","Part1Internal":"37539","State":3,"AttributesSerialize":"","DefinesCapabilities":false},"attributes":null,"tags":[]}
{"referent":"37548","class":"WeldConstraint","name":"WeldConstraint","path":"ReplicatedStorage.Benches.Salvaged Flycopter.Default.TailRotor.Spinner.WeldConstraint","parent_referent":"37544","properties":{"CFrame0":{"X":9.329833984375,"Y":-0.784912109375,"Z":0.12969970703125,"R00":0.000019729137420654297,"R01":0.00001761317253112793,"R02":-1,"R10":-0.9935692548751831,"R11":0.11322581768035889,"R12":-0.00001761317253112793,"R20":0.11322581768035889,"R21":0.9935692548751831,"R22":0.000019729137420654297},"Part0Internal":"37544","Part1Internal":"37549","State":3,"AttributesSerialize":"","DefinesCapabilities":false},"attributes":null,"tags":[]}
{"referent":"37557","class":"WeldConstraint","name":"WeldConstraint","path":"ReplicatedStorage.Benches.Salvaged Flycopter.Default.MainRotor.Spinner.WeldConstraint","parent_referent":"37554","properties":{"CFrame0":{"X":0,"Y":-2.6865196228027344,"Z":0.000244140625,"R00":-1,"R01":0,"R02":0,"R10":0,"R11":1,"R12":0,"R20":0,"R21":0,"R22":-1},"Part0Internal":"37554","Part1Internal":"37549","State":3,"AttributesSerialize":"","DefinesCapabilities":false},"attributes":null,"tags":[]}
{"referent":"37567","class":"WeldConstraint","name":"WeldConstraint","path":"ReplicatedStorage.Benches.Salvaged Flycopter.Default.VFX.RotorWash.WeldConstraint","parent_referent":"37566","properties":{"CFrame0":{"X":-0.871337890625,"Y":3.570606231689453,"Z":-0.09716796875,"R00":-1.1920928955078125e-7,"R01":0,"R02":-1.0000001192092896,"R10":0,"R11":1,"R12":0,"R20":1.0000001192092896,"R21":0,"R22":-1.1920928955078125e-7},"Part0Internal":"37566","Part1Internal":"37539","State":3,"AttributesSerialize":"","DefinesCapabilities":false},"attributes":null,"tags":[]}
{"referent":"37573","class":"WeldConstraint","name":"WeldConstraint","path":"ReplicatedStorage.Benches.Salvaged Flycopter.Default.VFX.SmokeTrail.WeldConstraint","parent_referent":"37571","properties":{"CFrame0":{"X":-0.4059333801269531,"Y":-1.115966796875,"Z":-1.302734375,"R00":0.000014662742614746094,"R01":-0.9995031356811523,"R02":0.0315193235874176,"R10":-0.00007084012031555176,"R11":0.03151935338973999,"R12":0.9995031356811523,"R20":-1,"R21":-0.000016868114471435547,"R22":-0.00007033348083496094},"Part0Internal":"37571","Part1Internal":"37539","State":3,"AttributesSerialize":"","DefinesCapabilities":false},"attributes":null,"tags":[]}
{"referent":"37578","class":"WeldConstraint","name":"WeldConstraint","path":"ReplicatedStorage.Benches.Salvaged Flycopter.Default.VFX.EngineSparks.WeldConstraint","parent_referent":"37574","properties":{"CFrame0":{"X":0.0673828125,"Y":0.44873046875,"Z":0.91357421875,"R00":-1,"R01":0,"R02":0,"R10":0,"R11":0.6907247304916382,"R12":0.7231178283691406,"R20":0,"R21":0.7231178283691406,"R22":-0.6907248497009277},"Part0Internal":"37574","Part1Internal":"37539","State":3,"AttributesSerialize":"","DefinesCapabilities":false},"attributes":null,"tags":[]}
{"referent":"37581","class":"WeldConstraint","name":"WeldConstraint","path":"ReplicatedStorage.Benches.Salvaged Flycopter.Default.VFX.EngineFire.WeldConstraint","parent_referent":"37579","properties":{"CFrame0":{"X":0.15185546875,"Y":0.489501953125,"Z":1.1452484130859375,"R00":-1,"R01":0,"R02":0,"R10":0,"R11":0.055367469787597656,"R12":0.9984660744667053,"R20":0,"R21":0.9984660744667053,"R22":-0.055367469787597656},"Part0Internal":"37579","Part1Internal":"37539","State":3,"AttributesSerialize":"","DefinesCapabilities":false},"attributes":null,"tags":[]}
{"referent":"37590","class":"WeldConstraint","name":"WeldConstraint","path":"ReplicatedStorage.Benches.Salvaged Flycopter.Default.VFX.Explosion.WeldConstraint","parent_referent":"37585","properties":{"CFrame0":{"X":-0.397216796875,"Y":1.0706062316894531,"Z":0.37109375,"R00":1,"R01":0,"R02":0,"R10":0,"R11":1,"R12":0,"R20":0,"R21":0,"R22":1},"Part0Internal":"37585","Part1Internal":"37539","State":3,"AttributesSerialize":"","DefinesCapabilities":false},"attributes":null,"tags":[]}
{"referent":"37600","class":"WeldConstraint","name":"WeldConstraint","path":"ReplicatedStorage.Benches.Salvaged Flycopter.Default.Weight.WeldConstraint","parent_referent":"37599","properties":{"CFrame0":{"X":0,"Y":3.054140090942383,"Z":1.8642578125,"R00":1,"R01":0,"R02":0.00017264402413275093,"R10":0,"R11":1,"R12":0,"R20":-0.00017264402413275093,"R21":0,"R22":1},"Part0Internal":"37599","Part1Internal":"37539","State":3,"AttributesSerialize":"","DefinesCapabilities":false},"attributes":null,"tags":[]}
{"referent":"37624","class":"WeldConstraint","name":"WeldConstraint","path":"ReplicatedStorage.Benches.Salvaged Flycopter.Default.Main.WeldConstraint","parent_referent":"37539","properties":{"CFrame0":{"X":0,"Y":-0.045654296875,"Z":0.830810546875,"R00":1,"R01":0,"R02":0,"R10":0,"R11":1,"R12":0,"R20":0,"R21":0,"R22":1},"Part0Internal":"37549","Part1Internal":"37539","State":3,"AttributesSerialize":"","DefinesCapabilities":false},"attributes":null,"tags":[]}
{"referent":"37625","class":"WeldConstraint","name":"WeldConstraint","path":"ReplicatedStorage.Benches.Salvaged Flycopter.Default.Main.WeldConstraint","parent_referent":"37539","properties":{"CFrame0":{"X":-0.001708984375,"Y":-0.05416679382324219,"Z":8.48583984375,"R00":1,"R01":0,"R02":0,"R10":0,"R11":1,"R12":0,"R20":0,"R21":0,"R22":1},"Part0Internal":"37539","Part1Internal":"37542","State":3,"AttributesSerialize":"","DefinesCapabilities":false},"attributes":null,"tags":[]}
