{"referent":"22793","class":"Seat","name":"PassengerSeat1","path":"Workspace.Bases.Loners.Wooden Boat.Wooden Boat.PassengerSeat1","parent_referent":"22768","properties":{"shape":1,"formFactorRaw":1,"BottomSurface":0,"CFrame":{"X":-552.4500732421875,"Y":21.827404022216797,"Z":-2262.51220703125,"R00":-0.9550256729125977,"R01":0,"R02":-0.29652315378189087,"R10":0,"R11":1,"R12":0,"R20":0.29652315378189087,"R21":0,"R22":-0.9550256729125977},"CanCollide":false,"CanQuery":false,"CanTouch":false,"CollisionGroup":"Vehicle","CollisionGroupId":12,"Color3uint8":"4279970357","Massless":true,"MaterialVariantSerialized":"","TopSurface":0,"Transparency":1,"size":{"x":2,"y":1,"z":2},"AttributesSerialize":"","DefinesCapabilities":false,"Name":"PassengerSeat1"},"attributes":null,"tags":[]}
{"referent":"22799","class":"Seat","name":"PassengerSeat2","path":"Workspace.Bases.Loners.Wooden Boat.Wooden Boat.PassengerSeat2","parent_referent":"22768","properties":{"shape":1,"formFactorRaw":1,"BottomSurface":0,"CFrame":{"X":-553.7755126953125,"Y":21.82740592956543,"Z":-2266.78125,"R00":-0.9550256729125977,"R01":0,"R02":-0.29652315378189087,"R10":0,"R11":1,"R12":0,"R20":0.29652315378189087,"R21":0,"R22":-0.9550256729125977},"CanCollide":false,"CanQuery":false,"CanTouch":false,"CollisionGroup":"Vehicle","CollisionGroupId":12,"Color3uint8":"4279970357","Massless":true,"MaterialVariantSerialized":"","TopSurface":0,"Transparency":1,"size":{"x":2,"y":1,"z":2},"AttributesSerialize":"","DefinesCapabilities":false,"Name":"PassengerSeat2"},"attributes":null,"tags":[]}
{"referent":"34387","class":"Seat","name":"PassengerSeat4","path":"ReplicatedStorage.Benches.Military Boat.Default.PassengerSeat4","parent_referent":"34356","properties":{"shape":1,"formFactorRaw":1,"BottomSurface":0,"CFrame":{"X":-872.315185546875,"Y":29.438600540161133,"Z":-3336.26171875,"R00":0,"R01":0,"R02":-1,"R10":0,"R11":1,"R12":0,"R20":1,"R21":0,"R22":0},"CanCollide":false,"CanQuery":false,"CanTouch":false,"CollisionGroup":"Vehicle","CollisionGroupId":-1,"Color3uint8":"4294901760","Massless":true,"MaterialVariantSerialized":"","TopSurface":0,"Transparency":1,"size":{"x":2,"y":1,"z":2},"AttributesSerialize":"","DefinesCapabilities":false,"Name":"PassengerSeat4"},"attributes":null,"tags":[]}
{"referent":"34385","class":"Seat","name":"PassengerSeat3","path":"ReplicatedStorage.Benches.Military Boat.Default.PassengerSeat3","parent_referent":"34356","properties":{"shape":1,"formFactorRaw":1,"BottomSurface":0,"CFrame":{"X":-863.7569580078125,"Y":28.405813217163086,"Z":-3333.596435546875,"R00":1,"R01":0,"R02":0,"R10":0,"R11":1,"R12":0,"R20":0,"R21":0,"R22":1},"CanCollide":false,"CanQuery":false,"CanTouch":false,"CollisionGroup":"Vehicle","CollisionGroupId":-1,"Color3uint8":"4294901760","Massless":true,"MaterialVariantSerialized":"","TopSurface":0,"Transparency":1,"size":{"x":2,"y":1,"z":2},"AttributesSerialize":"","DefinesCapabilities":false,"Name":"PassengerSeat3"},"attributes":null,"tags":[]}
{"referent":"34383","class":"Seat","name":"PassengerSeat2","path":"ReplicatedStorage.Benches.Military Boat.Default.PassengerSeat2","parent_referent":"34356","properties":{"shape":1,"formFactorRaw":1,"BottomSurface":0,"CFrame":{"X":-868.2672119140625,"Y":28.658061981201172,"Z":-3338.587646484375,"R00":-0.9810646772384644,"R01":0.08585185557603836,"R02":-0.1736142337322235,"R10":0.08717446774244308,"R11":0.9961930513381958,"R12":0.0000071944668889045715,"R20":0.17295390367507935,"R21":-0.015127668157219887,"R22":-0.984813928604126},"CanCollide":false,"CanQuery":false,"CanTouch":false,"CollisionGroup":"Vehicle","CollisionGroupId":-1,"Color3uint8":"4294901760","Massless":true,"MaterialVariantSerialized":"","TopSurface":0,"Transparency":1,"size":{"x":2,"y":1,"z":2},"AttributesSerialize":"","DefinesCapabilities":false,"Name":"PassengerSeat2"},"attributes":null,"tags":[]}
{"referent":"34381","class":"Seat","name":"PassengerSeat1","path":"ReplicatedStorage.Benches.Military Boat.Default.PassengerSeat1","parent_referent":"34356","properties":{"shape":1,"formFactorRaw":1,"BottomSurface":0,"CFrame":{"X":-863.8671875,"Y":28.365039825439453,"Z":-3339.057373046875,"R00":-1,"R01":0,"R02":0,"R10":0,"R11":1,"R12":0,"R20":0,"R21":0,"R22":-1},"CanCollide":false,"CanQuery":false,"CanTouch":false,"CollisionGroup":"Vehicle","CollisionGroupId":-1,"Color3uint8":"4294901760","Massless":true,"MaterialVariantSerialized":"","TopSurface":0,"Transparency":1,"size":{"x":2,"y":1,"z":2},"AttributesSerialize":"","DefinesCapabilities":false,"Name":"PassengerSeat1"},"attributes":null,"tags":[]}
{"referent":"34389","class":"Seat","name":"PassengerSeat5","path":"ReplicatedStorage.Benches.Military Boat.Default.PassengerSeat5","parent_referent":"34356","properties":{"shape":1,"formFactorRaw":1,"BottomSurface":0,"CFrame":{"X":-854.9776611328125,"Y":28.363744735717773,"Z":-3338.747314453125,"R00":-0.8660074472427368,"R01":0,"R02":0.5000314116477966,"R10":0,"R11":1,"R12":0,"R20":-0.5000314116477966,"R21":0,"R22":-0.8660074472427368},"CanCollide":false,"CanQuery":false,"CanTouch":false,"CollisionGroup":"Vehicle","CollisionGroupId":-1,"Color3uint8":"4294901760","Massless":true,"MaterialVariantSerialized":"","TopSurface":0,"Transparency":1,"size":{"x":2,"y":1,"z":2},"AttributesSerialize":"","DefinesCapabilities":false,"Name":"PassengerSeat5"},"attributes":null,"tags":[]}
{"referent":"34391","class":"Seat","name":"PassengerSeat6","path":"ReplicatedStorage.Benches.Military Boat.Default.PassengerSeat6","parent_referent":"34356","properties":{"shape":1,"formFactorRaw":1,"BottomSurface":0,"CFrame":{"X":-855.0474243164062,"Y":28.36626434326172,"Z":-3333.61474609375,"R00":0.8660072684288025,"R01":0,"R02":0.5000314116477966,"R10":0,"R11":1,"R12":0,"R20":-0.5000314116477966,"R21":0,"R22":0.8660072684288025},"CanCollide":false,"CanQuery":false,"CanTouch":false,"CollisionGroup":"Vehicle","CollisionGroupId":-1,"Color3uint8":"4294901760","Massless":true,"MaterialVariantSerialized":"","TopSurface":0,"Transparency":1,"size":{"x":2,"y":1,"z":2},"AttributesSerialize":"","DefinesCapabilities":false,"Name":"PassengerSeat6"},"attributes":null,"tags":[]}
{"referent":"34393","class":"Seat","name":"PassengerSeat7","path":"ReplicatedStorage.Benches.Military Boat.Default.PassengerSeat7","parent_referent":"34356","properties":{"shape":1,"formFactorRaw":1,"BottomSurface":0,"CFrame":{"X":-868.3552856445312,"Y":28.699565887451172,"Z":-3334.06005859375,"R00":0.98106449842453,"R01":0.08585185557603836,"R02":-0.1736142337322235,"R10":-0.08717446774244308,"R11":0.9961930513381958,"R12":0.0000071944668889045715,"R20":0.17295390367507935,"R21":0.015127668157219887,"R22":0.9848137497901917},"CanCollide":false,"CanQuery":false,"CanTouch":false,"CollisionGroup":"Vehicle","CollisionGroupId":-1,"Color3uint8":"4294901760","Massless":true,"MaterialVariantSerialized":"","TopSurface":0,"Transparency":1,"size":{"x":2,"y":1,"z":2},"AttributesSerialize":"","DefinesCapabilities":false,"Name":"PassengerSeat7"},"attributes":null,"tags":[]}
{"referent":"37605","class":"Seat","name":"PassengerSeat1","path":"ReplicatedStorage.Benches.Salvaged Flycopter.Default.PassengerSeat1","parent_referent":"37513","properties":{"shape":1,"formFactorRaw":1,"BottomSurface":0,"CFrame":{"X":-2663.039306640625,"Y":32.57757568359375,"Z":-2999.626953125,"R00":-1,"R01":0,"R02":0,"R10":0,"R11":1,"R12":0,"R20":0,"R21":0,"R22":-1},"CanCollide":false,"CanQuery":false,"CanTouch":false,"CollisionGroup":"Vehicle","CollisionGroupId":-1,"Color3uint8":"4279970357","EnableFluidForces":false,"Massless":true,"Material":800,"MaterialVariantSerialized":"","TopSurface":0,"Transparency":1,"size":{"x":1.8082200288772583,"y":0.5166343450546265,"z":1.8082200288772583},"AttributesSerialize":"","DefinesCapabilities":false,"Name":"PassengerSeat1"},"attributes":null,"tags":[]}
{"referent":"39365","class":"Seat","name":"PassengerSeat2","path":"ReplicatedStorage.Benches.Wooden Boat.Default.PassengerSeat2","parent_referent":"39335","properties":{"shape":1,"formFactorRaw":1,"BottomSurface":0,"CFrame":{"X":-2660.7421875,"Y":98.81700134277344,"Z":257.97198486328125,"R00":0,"R01":0,"R02":1,"R10":0,"R11":1,"R12":0,"R20":-1,"R21":0,"R22":0},"CanCollide":false,"CanQuery":false,"CanTouch":false,"CollisionGroup":"Vehicle","CollisionGroupId":-1,"Color3uint8":"4279970357","Massless":true,"MaterialVariantSerialized":"","TopSurface":0,"Transparency":1,"size":{"x":2,"y":1,"z":2},"AttributesSerialize":"","DefinesCapabilities":false,"Name":"PassengerSeat2"},"attributes":null,"tags":[]}
{"referent":"39363","class":"Seat","name":"PassengerSeat1","path":"ReplicatedStorage.Benches.Wooden Boat.Default.PassengerSeat1","parent_referent":"39335","properties":{"shape":1,"formFactorRaw":1,"BottomSurface":0,"CFrame":{"X":-2665.212158203125,"Y":98.81700134277344,"Z":257.97198486328125,"R00":0,"R01":0,"R02":1,"R10":0,"R11":1,"R12":0,"R20":-1,"R21":0,"R22":0},"CanCollide":false,"CanQuery":false,"CanTouch":false,"CollisionGroup":"Vehicle","CollisionGroupId":-1,"Color3uint8":"4279970357","Massless":true,"MaterialVariantSerialized":"","TopSurface":0,"Transparency":1,"size":{"x":2,"y":1,"z":2},"AttributesSerialize":"","DefinesCapabilities":false,"Name":"PassengerSeat1"},"attributes":null,"tags":[]}
