{"referent":"29584","class":"SpawnLocation","name":"SpawnLocation","path":"Workspace.PreSpawns.SpawnLocation","parent_referent":"29583","properties":{"Duration":0,"shape":1,"formFactorRaw":1,"Anchored":true,"BottomSurface":0,"CFrame":{"X":621.6021118164062,"Y":-375.9429931640625,"Z":-1089.8931884765625,"R00":-0.3108861446380615,"R01":0,"R02":0.950447142124176,"R10":0,"R11":1,"R12":0,"R20":-0.950447142124176,"R21":0,"R22":-0.3108861446380615},"Color3uint8":"4278190080","Material":288,"MaterialVariantSerialized":"","TopSurface":0,"size":{"x":10,"y":1,"z":10},"AttributesSerialize":"","DefinesCapabilities":false},"attributes":null,"tags":[]}
{"referent":"29585","class":"SpawnLocation","name":"SpawnLocation","path":"Workspace.PreSpawns.SpawnLocation","parent_referent":"29583","properties":{"Duration":0,"shape":1,"formFactorRaw":1,"Anchored":true,"BottomSurface":0,"CFrame":{"X":615.2066040039062,"Y":-375.9429931640625,"Z":-1077.280029296875,"R00":-0.3108861446380615,"R01":0,"R02":0.950447142124176,"R10":0,"R11":1,"R12":0,"R20":-0.950447142124176,"R21":0,"R22":-0.3108861446380615},"Color3uint8":"4278190080","Material":288,"MaterialVariantSerialized":"","TopSurface":0,"size":{"x":10,"y":1,"z":10},"AttributesSerialize":"","DefinesCapabilities":false},"attributes":null,"tags":[]}
{"referent":"29586","class":"SpawnLocation","name":"SpawnLocation","path":"Workspace.PreSpawns.SpawnLocation","parent_referent":"29583","properties":{"Duration":0,"shape":1,"formFactorRaw":1,"Anchored":true,"BottomSurface":0,"CFrame":{"X":618.4931640625,"Y":-375.9429931640625,"Z":-1099.3978271484375,"R00":-0.3108861446380615,"R01":0,"R02":0.950447142124176,"R10":0,"R11":1,"R12":0,"R20":-0.950447142124176,"R21":0,"R22":-0.3108861446380615},"Color3uint8":"4278190080","Material":288,"MaterialVariantSerialized":"","TopSurface":0,"size":{"x":10,"y":1,"z":10},"AttributesSerialize":"","DefinesCapabilities":false},"attributes":null,"tags":[]}
{"referent":"29587","class":"SpawnLocation","name":"SpawnLocation","path":"Workspace.PreSpawns.SpawnLocation","parent_referent":"29583","properties":{"Duration":0,"shape":1,"formFactorRaw":1,"Anchored":true,"BottomSurface":0,"CFrame":{"X":624.8888549804688,"Y":-375.9429931640625,"Z":-1112.010986328125,"R00":-0.3108861446380615,"R01":0,"R02":0.950447142124176,"R10":0,"R11":1,"R12":0,"R20":-0.950447142124176,"R21":0,"R22":-0.3108861446380615},"Color3uint8":"4278190080","Material":288,"MaterialVariantSerialized":"","TopSurface":0,"size":{"x":10,"y":1,"z":10},"AttributesSerialize":"","DefinesCapabilities":false},"attributes":null,"tags":[]}
{"referent":"29589","class":"SpawnLocation","name":"SpawnLocation","path":"Workspace.PreSpawns.SpawnLocation","parent_referent":"29583","properties":{"Duration":0,"shape":1,"formFactorRaw":1,"Anchored":true,"BottomSurface":0,"CFrame":{"X":605.8800048828125,"Y":-375.9429931640625,"Z":-1105.7933349609375,"R00":-0.3108861446380615,"R01":0,"R02":0.950447142124176,"R10":0,"R11":1,"R12":0,"R20":-0.950447142124176,"R21":0,"R22":-0.3108861446380615},"Color3uint8":"4278190080","Material":288,"MaterialVariantSerialized":"","TopSurface":0,"size":{"x":10,"y":1,"z":10},"AttributesSerialize":"","DefinesCapabilities":false},"attributes":null,"tags":[]}
{"referent":"29591","class":"SpawnLocation","name":"SpawnLocation","path":"Workspace.PreSpawns.SpawnLocation","parent_referent":"29583","properties":{"Duration":0,"shape":1,"formFactorRaw":1,"Anchored":true,"BottomSurface":0,"CFrame":{"X":637.5023193359375,"Y":-375.9429931640625,"Z":-1105.615478515625,"R00":-0.3108861446380615,"R01":0,"R02":0.950447142124176,"R10":0,"R11":1,"R12":0,"R20":-0.950447142124176,"R21":0,"R22":-0.3108861446380615},"Color3uint8":"4278190080","Material":288,"MaterialVariantSerialized":"","TopSurface":0,"size":{"x":10,"y":1,"z":10},"AttributesSerialize":"","DefinesCapabilities":false},"attributes":null,"tags":[]}
{"referent":"29592","class":"SpawnLocation","name":"SpawnLocation","path":"Workspace.PreSpawns.SpawnLocation","parent_referent":"29583","properties":{"Duration":0,"shape":1,"formFactorRaw":1,"Anchored":true,"BottomSurface":0,"CFrame":{"X":615.3844604492188,"Y":-375.9429931640625,"Z":-1108.9022216796875,"R00":-0.3108861446380615,"R01":0,"R02":0.950447142124176,"R10":0,"R11":1,"R12":0,"R20":-0.950447142124176,"R21":0,"R22":-0.3108861446380615},"Color3uint8":"4278190080","Material":288,"MaterialVariantSerialized":"","TopSurface":0,"size":{"x":10,"y":1,"z":10},"AttributesSerialize":"","DefinesCapabilities":false},"attributes":null,"tags":[]}
{"referent":"29593","class":"SpawnLocation","name":"SpawnLocation","path":"Workspace.PreSpawns.SpawnLocation","parent_referent":"29583","properties":{"Duration":0,"shape":1,"formFactorRaw":1,"Anchored":true,"BottomSurface":0,"CFrame":{"X":624.7109375,"Y":-375.9429931640625,"Z":-1080.3887939453125,"R00":-0.3108861446380615,"R01":0,"R02":0.950447142124176,"R10":0,"R11":1,"R12":0,"R20":-0.950447142124176,"R21":0,"R22":-0.3108861446380615},"Color3uint8":"4278190080","Material":288,"MaterialVariantSerialized":"","TopSurface":0,"size":{"x":10,"y":1,"z":10},"AttributesSerialize":"","DefinesCapabilities":false},"attributes":null,"tags":[]}
{"referent":"29594","class":"SpawnLocation","name":"SpawnLocation","path":"Workspace.PreSpawns.SpawnLocation","parent_referent":"29583","properties":{"Duration":0,"shape":1,"formFactorRaw":1,"Anchored":true,"BottomSurface":0,"CFrame":{"X":643.7199096679688,"Y":-375.9429931640625,"Z":-1086.6064453125,"R00":-0.3108861446380615,"R01":0,"R02":0.950447142124176,"R10":0,"R11":1,"R12":0,"R20":-0.950447142124176,"R21":0,"R22":-0.3108861446380615},"Color3uint8":"4278190080","Material":288,"MaterialVariantSerialized":"","TopSurface":0,"size":{"x":10,"y":1,"z":10},"AttributesSerialize":"","DefinesCapabilities":false},"attributes":null,"tags":[]}
{"referent":"29595","class":"SpawnLocation","name":"SpawnLocation","path":"Workspace.PreSpawns.SpawnLocation","parent_referent":"29583","properties":{"Duration":0,"shape":1,"formFactorRaw":1,"Anchored":true,"BottomSurface":0,"CFrame":{"X":631.1066284179688,"Y":-375.9429931640625,"Z":-1093.0023193359375,"R00":-0.3108861446380615,"R01":0,"R02":0.950447142124176,"R10":0,"R11":1,"R12":0,"R20":-0.950447142124176,"R21":0,"R22":-0.3108861446380615},"Color3uint8":"4278190080","Material":288,"MaterialVariantSerialized":"","TopSurface":0,"size":{"x":10,"y":1,"z":10},"AttributesSerialize":"","DefinesCapabilities":false},"attributes":null,"tags":[]}
{"referent":"29597","class":"SpawnLocation","name":"SpawnLocation","path":"Workspace.PreSpawns.SpawnLocation","parent_referent":"29583","properties":{"Duration":0,"shape":1,"formFactorRaw":1,"Anchored":true,"BottomSurface":0,"CFrame":{"X":634.2153930664062,"Y":-375.9429931640625,"Z":-1083.4976806640625,"R00":-0.3108861446380615,"R01":0,"R02":0.950447142124176,"R10":0,"R11":1,"R12":0,"R20":-0.950447142124176,"R21":0,"R22":-0.3108861446380615},"Color3uint8":"4278190080","Material":288,"MaterialVariantSerialized":"","TopSurface":0,"size":{"x":10,"y":1,"z":10},"AttributesSerialize":"","DefinesCapabilities":false},"attributes":null,"tags":[]}
{"referent":"29599","class":"SpawnLocation","name":"SpawnLocation","path":"Workspace.PreSpawns.SpawnLocation","parent_referent":"29583","properties":{"Duration":0,"shape":1,"formFactorRaw":1,"Anchored":true,"BottomSurface":0,"CFrame":{"X":612.0975952148438,"Y":-375.9429931640625,"Z":-1086.7843017578125,"R00":-0.3108861446380615,"R01":0,"R02":0.950447142124176,"R10":0,"R11":1,"R12":0,"R20":-0.950447142124176,"R21":0,"R22":-0.3108861446380615},"Color3uint8":"4278190080","Material":288,"MaterialVariantSerialized":"","TopSurface":0,"size":{"x":10,"y":1,"z":10},"AttributesSerialize":"","DefinesCapabilities":false},"attributes":null,"tags":[]}
{"referent":"29600","class":"SpawnLocation","name":"SpawnLocation","path":"Workspace.PreSpawns.SpawnLocation","parent_referent":"29583","properties":{"Duration":0,"shape":1,"formFactorRaw":1,"Anchored":true,"BottomSurface":0,"CFrame":{"X":634.393310546875,"Y":-375.9429931640625,"Z":-1115.119873046875,"R00":-0.3108861446380615,"R01":0,"R02":0.950447142124176,"R10":0,"R11":1,"R12":0,"R20":-0.950447142124176,"R21":0,"R22":-0.3108861446380615},"Color3uint8":"4278190080","Material":288,"MaterialVariantSerialized":"","TopSurface":0,"size":{"x":10,"y":1,"z":10},"AttributesSerialize":"","DefinesCapabilities":false},"attributes":null,"tags":[]}
{"referent":"29602","class":"SpawnLocation","name":"SpawnLocation","path":"Workspace.PreSpawns.SpawnLocation","parent_referent":"29583","properties":{"Duration":0,"shape":1,"formFactorRaw":1,"Anchored":true,"BottomSurface":0,"CFrame":{"X":608.98876953125,"Y":-375.9429931640625,"Z":-1096.288818359375,"R00":-0.3108861446380615,"R01":0,"R02":0.950447142124176,"R10":0,"R11":1,"R12":0,"R20":-0.950447142124176,"R21":0,"R22":-0.3108861446380615},"Color3uint8":"4278190080","Material":288,"MaterialVariantSerialized":"","TopSurface":0,"size":{"x":10,"y":1,"z":10},"AttributesSerialize":"","DefinesCapabilities":false},"attributes":null,"tags":[]}
{"referent":"29603","class":"SpawnLocation","name":"SpawnLocation","path":"Workspace.PreSpawns.SpawnLocation","parent_referent":"29583","properties":{"Duration":0,"shape":1,"formFactorRaw":1,"Anchored":true,"BottomSurface":0,"CFrame":{"X":627.997802734375,"Y":-375.9429931640625,"Z":-1102.506591796875,"R00":-0.3108861446380615,"R01":0,"R02":0.950447142124176,"R10":0,"R11":1,"R12":0,"R20":-0.950447142124176,"R21":0,"R22":-0.3108861446380615},"Color3uint8":"4278190080","Material":288,"MaterialVariantSerialized":"","TopSurface":0,"size":{"x":10,"y":1,"z":10},"AttributesSerialize":"","DefinesCapabilities":false},"attributes":null,"tags":[]}
{"referent":"29605","class":"SpawnLocation","name":"SpawnLocation","path":"Workspace.PreSpawns.SpawnLocation","parent_referent":"29583","properties":{"Duration":0,"shape":1,"formFactorRaw":1,"Anchored":true,"BottomSurface":0,"CFrame":{"X":640.6110229492188,"Y":-375.9429931640625,"Z":-1096.1109619140625,"R00":-0.3108861446380615,"R01":0,"R02":0.950447142124176,"R10":0,"R11":1,"R12":0,"R20":-0.950447142124176,"R21":0,"R22":-0.3108861446380615},"Color3uint8":"4278190080","Material":288,"MaterialVariantSerialized":"","TopSurface":0,"size":{"x":10,"y":1,"z":10},"AttributesSerialize":"","DefinesCapabilities":false},"attributes":null,"tags":[]}
