{"referent":"598","class":"TrussPart","name":"TrussPart","path":"Workspace.Monuments.Scav Camps.SmallCamp.Model.ClimbPart.TrussPart","parent_referent":"597","properties":{"style":0,"Anchored":true,"BackSurface":0,"BottomSurface":0,"CFrame":{"X":-962.0185546875,"Y":70.36051940917969,"Z":-2587.44873046875,"R00":0.8044355511665344,"R01":0,"R02":-0.5940399169921875,"R10":0,"R11":1,"R12":0,"R20":0.5940399169921875,"R21":0,"R22":0.8044355511665344},"Color3uint8":"4288914085","FrontSurface":0,"LeftSurface":0,"Locked":true,"MaterialVariantSerialized":"","RightSurface":0,"TopSurface":0,"Transparency":1,"size":{"x":2,"y":17.679889678955078,"z":2},"AttributesSerialize":"","DefinesCapabilities":false},"attributes":null,"tags":[]}
{"referent":"607","class":"TrussPart","name":"TrussPart","path":"Workspace.Monuments.Scav Camps.SmallCamp.Model.ClimbPart.TrussPart","parent_referent":"606","properties":{"style":0,"Anchored":true,"BackSurface":0,"BottomSurface":0,"CFrame":{"X":-1014.3690185546875,"Y":70.37083435058594,"Z":-2661.808349609375,"R00":0.21720218658447266,"R01":0,"R02":-0.9761266112327576,"R10":0,"R11":1,"R12":0,"R20":0.9761266112327576,"R21":0,"R22":0.21720218658447266},"Color3uint8":"4288914085","FrontSurface":0,"LeftSurface":0,"Locked":true,"MaterialVariantSerialized":"","RightSurface":0,"TopSurface":0,"Transparency":1,"size":{"x":2,"y":17.679889678955078,"z":2},"AttributesSerialize":"","DefinesCapabilities":false},"attributes":null,"tags":[]}
{"referent":"706","class":"TrussPart","name":"LeafPart","path":"Workspace.Monuments.Scav Camps.SmallCamp.LeafPart","parent_referent":"555","properties":{"style":0,"Anchored":true,"BottomSurface":0,"CFrame":{"X":-974.0835571289062,"Y":65.79954528808594,"Z":-2540.028564453125,"R00":0.6017366647720337,"R01":0,"R02":-0.7986946702003479,"R10":0,"R11":1,"R12":0,"R20":0.7986946702003479,"R21":0,"R22":0.6017366647720337},"Color3uint8":"4294901760","MaterialVariantSerialized":"","TopSurface":0,"Transparency":1,"size":{"x":2,"y":15.5,"z":2},"AttributesSerialize":"","DefinesCapabilities":false,"Name":"LeafPart","SourceAssetId":6740491328},"attributes":null,"tags":[]}
{"referent":"793","class":"TrussPart","name":"LeafPart","path":"Workspace.Monuments.Scav Camps.SmallCamp.LeafPart","parent_referent":"555","properties":{"style":0,"Anchored":true,"BottomSurface":0,"CFrame":{"X":-1049.97998046875,"Y":65.79954528808594,"Z":-2575.385498046875,"R00":-0.6017371416091919,"R01":0,"R02":0.7986946702003479,"R10":0,"R11":1,"R12":0,"R20":-0.7986946702003479,"R21":0,"R22":-0.6017371416091919},"Color3uint8":"4294901760","MaterialVariantSerialized":"","TopSurface":0,"Transparency":1,"size":{"x":2,"y":15.5,"z":2},"AttributesSerialize":"","DefinesCapabilities":false,"Name":"LeafPart","SourceAssetId":6740491328},"attributes":null,"tags":[]}
{"referent":"800","class":"TrussPart","name":"LeafPart","path":"Workspace.Monuments.Scav Camps.SmallCamp.LeafPart","parent_referent":"555","properties":{"style":0,"Anchored":true,"BottomSurface":0,"CFrame":{"X":-1026.32763671875,"Y":76.69854736328125,"Z":-2567.711669921875,"R00":-0.6017371416091919,"R01":0,"R02":0.7986946702003479,"R10":0,"R11":1,"R12":0,"R20":-0.7986946702003479,"R21":0,"R22":-0.6017371416091919},"Color3uint8":"4294901760","MaterialVariantSerialized":"","TopSurface":0,"Transparency":1,"size":{"x":2,"y":15.5,"z":2},"AttributesSerialize":"","DefinesCapabilities":false,"Name":"LeafPart","SourceAssetId":6740491328},"attributes":null,"tags":[]}
{"referent":"1511","class":"TrussPart","name":"LeafPart","path":"Workspace.Monuments.Diving Inn.Diving Inn.LeafPart","parent_referent":"1076","properties":{"style":0,"Anchored":true,"BackSurface":0,"BottomSurface":0,"CFrame":{"X":-450.5076599121094,"Y":22.68449592590332,"Z":-3944.7255859375,"R00":0.16293638944625854,"R01":0,"R02":0.9866366386413574,"R10":0,"R11":1,"R12":0,"R20":-0.9866366386413574,"R21":0,"R22":0.16293638944625854},"Color3uint8":"4294901760","FrontSurface":0,"LeftSurface":0,"MaterialVariantSerialized":"","RightSurface":0,"TopSurface":0,"Transparency":1,"size":{"x":2,"y":14,"z":2},"AttributesSerialize":"","DefinesCapabilities":false,"Name":"LeafPart"},"attributes":null,"tags":[]}
{"referent":"9930","class":"TrussPart","name":"LeafPart","path":"Workspace.Bases.Base.Ladder.Ladder.LeafPart","parent_referent":"9816","properties":{"style":2,"Anchored":true,"BackSurface":0,"BottomSurface":0,"CFrame":{"X":-517.76611328125,"Y":29.95071029663086,"Z":-2243.901611328125,"R00":0.990734338760376,"R01":0,"R02":-0.1358141303062439,"R10":0,"R11":-1,"R12":0,"R20":-0.1358141303062439,"R21":0,"R22":-0.990734338760376},"CanTouch":false,"CollisionGroup":"Ladder","CollisionGroupId":11,"Color3uint8":"4288914085","EnableFluidForces":false,"FrontSurface":0,"LeftSurface":0,"Material":272,"MaterialVariantSerialized":"","RightSurface":0,"TopSurface":0,"Transparency":1,"size":{"x":2,"y":8,"z":2},"AttributesSerialize":"","DefinesCapabilities":false,"Name":"LeafPart"},"attributes":null,"tags":[]}
{"referent":"29018","class":"TrussPart","name":"LeafPart","path":"Workspace.Bases.Base.Trap Door.Trap Door.Ladder.LeafPart","parent_referent":"29017","properties":{"style":2,"Anchored":true,"BackSurface":0,"BottomSurface":0,"CFrame":{"X":-256.856689453125,"Y":44.362060546875,"Z":-1989.9981689453125,"R00":-0.23940062522888184,"R01":0,"R02":-0.9709208607673645,"R10":0,"R11":1,"R12":0,"R20":0.9709208607673645,"R21":0,"R22":-0.23940062522888184},"CanCollide":false,"CanQuery":false,"CanTouch":false,"CollisionGroup":"Ladder","CollisionGroupId":11,"Color3uint8":"4288914085","EnableFluidForces":false,"FrontSurface":0,"LeftSurface":0,"Material":272,"MaterialVariantSerialized":"","RightSurface":0,"TopSurface":0,"Transparency":1,"size":{"x":2,"y":10,"z":2},"AttributesSerialize":"","DefinesCapabilities":false,"Name":"LeafPart"},"attributes":null,"tags":[]}
{"referent":"35331","class":"TrussPart","name":"LeafPart","path":"ReplicatedStorage.Benches.Triangle Trap Door.Default.Ladder.LeafPart","parent_referent":"35329","properties":{"style":2,"Anchored":true,"BackSurface":0,"BottomSurface":0,"CFrame":{"X":949.0140380859375,"Y":1300.4637451171875,"Z":86.56233215332031,"R00":0.9089679718017578,"R01":0,"R02":0.4168660342693329,"R10":0,"R11":1,"R12":0,"R20":-0.4168660342693329,"R21":0,"R22":0.9089679718017578},"CanTouch":false,"CollisionGroup":"Ladder","CollisionGroupId":-1,"Color3uint8":"4288914085","EnableFluidForces":false,"FrontSurface":0,"LeftSurface":0,"Material":272,"MaterialVariantSerialized":"","RightSurface":0,"TopSurface":0,"Transparency":1,"size":{"x":2,"y":10,"z":2},"AttributesSerialize":"","DefinesCapabilities":false,"Name":"LeafPart"},"attributes":null,"tags":[]}
{"referent":"35903","class":"TrussPart","name":"LeafPart","path":"ReplicatedStorage.Benches.Ladder.Default.LeafPart","parent_referent":"35890","properties":{"style":2,"Anchored":true,"BackSurface":0,"BottomSurface":0,"CFrame":{"X":-2.5409998893737793,"Y":1303.4410400390625,"Z":-21.82200050354004,"R00":1,"R01":0,"R02":0,"R10":0,"R11":1,"R12":0,"R20":0,"R21":0,"R22":1},"CanTouch":false,"CollisionGroup":"Ladder","CollisionGroupId":-1,"Color3uint8":"4288914085","EnableFluidForces":false,"FrontSurface":0,"LeftSurface":0,"Material":272,"MaterialVariantSerialized":"","RightSurface":0,"TopSurface":0,"Transparency":1,"size":{"x":2,"y":8,"z":2},"AttributesSerialize":"","DefinesCapabilities":false,"Name":"LeafPart"},"attributes":null,"tags":[]}
{"referent":"37954","class":"TrussPart","name":"LeafPart","path":"ReplicatedStorage.Benches.Trap Door.Default.Ladder.LeafPart","parent_referent":"37952","properties":{"style":2,"Anchored":true,"BackSurface":0,"BottomSurface":0,"CFrame":{"X":1122.8236083984375,"Y":1303.8787841796875,"Z":54.98032760620117,"R00":1,"R01":0,"R02":0,"R10":0,"R11":1,"R12":0,"R20":0,"R21":0,"R22":1},"CanTouch":false,"CollisionGroup":"Ladder","CollisionGroupId":-1,"Color3uint8":"4288914085","EnableFluidForces":false,"FrontSurface":0,"LeftSurface":0,"Material":272,"MaterialVariantSerialized":"","RightSurface":0,"TopSurface":0,"Transparency":1,"size":{"x":2,"y":10,"z":2},"AttributesSerialize":"","DefinesCapabilities":false,"Name":"LeafPart"},"attributes":null,"tags":[]}
