{"referent":"5337","class":"UnionOperation","name":"Fill","path":"Workspace.Bases.Base.Triangle Foundation.Triangle Foundation.CollisionParts.Fill","parent_referent":"5336","properties":{"AssetId":"https://www.roblox.com//asset/?id=12324795501","ComponentIndex":-1,"FormFactor":3,"InitialSize":{"x":0.99993896484375,"y":10,"z":8.666814804077148},"OffCentered":false,"UsePartColor":true,"CollisionFidelity":3,"FluidFidelityInternal":0,"InertiaMigrated":true,"UnscaledCofm":{"x":-0.0000305124995065853,"y":0,"z":2.1667027473449707},"UnscaledVolInertiaDiags":{"x":149.01336669921875,"y":42.128990173339844,"z":109.77277374267578},"UnscaledVolInertiaOffDiags":{"x":7.221463680267334,"y":0,"z":0},"UnscaledVolume":14.443809509277344,"Anchored":true,"CFrame":{"X":-536.0902709960938,"Y":58.035030364990234,"Z":-3347.858154296875,"R00":-0.00009071826934814453,"R01":-0.47397252917289734,"R02":-0.8805397748947144,"R10":-1.0000001192092896,"R11":0.00021564960479736328,"R12":-0.00001329183578491211,"R20":0.00019630789756774902,"R21":0.8805397748947144,"R22":-0.4739726781845093},"CanCollide":false,"Color3uint8":"4291045404","EnableFluidForces":false,"MaterialVariantSerialized":"","Transparency":1,"size":{"x":10.399999618530273,"y":9.421000480651855,"z":7.944000244140625},"AttributesSerialize":"","DefinesCapabilities":false,"Name":"Fill"},"attributes":null,"tags":[]}
{"referent":"5334","class":"UnionOperation","name":"Main","path":"Workspace.Bases.Base.Triangle Foundation.Triangle Foundation.Main","parent_referent":"5308","properties":{"AssetId":"https://www.roblox.com//asset/?id=12324795501","ComponentIndex":-1,"FormFactor":3,"InitialSize":{"x":0.99993896484375,"y":10,"z":8.666814804077148},"OffCentered":false,"UsePartColor":true,"CollisionFidelity":0,"FluidFidelityInternal":0,"InertiaMigrated":true,"UnscaledCofm":{"x":-0.000030517578125,"y":5.469164685478929e-17,"z":1.4441853761672974},"UnscaledVolInertiaDiags":{"x":361.08599853515625,"y":184.24993896484375,"z":184.04718017578125},"UnscaledVolInertiaOffDiags":{"x":-7.228014698648314e-20,"y":-5.427516075462435e-16,"z":-2.26382366527039e-15},"UnscaledVolume":43.30598831176758,"Anchored":true,"CFrame":{"X":-535.8590087890625,"Y":63.33502197265625,"Z":-3347.715087890625,"R00":-0.00009071826934814453,"R01":-0.47397252917289734,"R02":-0.8805397748947144,"R10":-1.0000001192092896,"R11":0.00021564960479736328,"R12":-0.00001329183578491211,"R20":0.00019630789756774902,"R21":0.8805397748947144,"R22":-0.4739726781845093},"CanCollide":false,"CanTouch":false,"Color3uint8":"4294498669","EnableFluidForces":false,"Material":512,"MaterialVariantSerialized":"","Transparency":1,"size":{"x":1,"y":10,"z":8.666000366210938},"AttributesSerialize":"","DefinesCapabilities":false,"Name":"Main"},"attributes":null,"tags":[]}
{"referent":"5343","class":"UnionOperation","name":"Fill","path":"Workspace.Bases.Base.Triangle Foundation.Triangle Foundation.Fill","parent_referent":"5308","properties":{"AssetId":"https://www.roblox.com//asset/?id=12324795543","ComponentIndex":-1,"FormFactor":3,"InitialSize":{"x":11,"y":11.000007629394531,"z":9.166816711425781},"OffCentered":false,"UsePartColor":true,"CollisionFidelity":0,"FluidFidelityInternal":0,"InertiaMigrated":true,"UnscaledCofm":{"x":-0.1946384310722351,"y":-0.14876851439476013,"z":1.505793571472168},"UnscaledVolInertiaDiags":{"x":5090.462890625,"y":7755.41796875,"z":7955.19384765625},"UnscaledVolInertiaOffDiags":{"x":167.23355102539062,"y":29.48531723022461,"z":29.98394775390625},"UnscaledVolume":501.03875732421875,"Anchored":true,"CFrame":{"X":-535.6393432617188,"Y":58.3350830078125,"Z":-3347.595703125,"R00":0.00009047985076904297,"R01":0.47397252917289734,"R02":-0.8805397748947144,"R10":1.0000001192092896,"R11":-0.00021588802337646484,"R12":-0.00001329183578491211,"R20":-0.00019630789756774902,"R21":-0.8805397748947144,"R22":-0.4739726781845093},"CanCollide":false,"Color3uint8":"4294498669","EnableFluidForces":false,"Material":512,"MaterialVariantSerialized":"","Transparency":1,"size":{"x":11,"y":11,"z":9.526000022888184},"AttributesSerialize":"","DefinesCapabilities":false,"Name":"Fill"},"attributes":null,"tags":[]}
{"referent":"5349","class":"UnionOperation","name":"Fill","path":"Workspace.Bases.Base.Triangle Foundation.Triangle Foundation.CollisionParts.Fill","parent_referent":"5348","properties":{"AssetId":"https://www.roblox.com//asset/?id=12324795501","ComponentIndex":-1,"FormFactor":3,"InitialSize":{"x":0.99993896484375,"y":10,"z":8.666814804077148},"OffCentered":false,"UsePartColor":true,"CollisionFidelity":3,"FluidFidelityInternal":0,"InertiaMigrated":true,"UnscaledCofm":{"x":-0.0000305124995065853,"y":0,"z":2.1667027473449707},"UnscaledVolInertiaDiags":{"x":149.01336669921875,"y":42.128990173339844,"z":109.77277374267578},"UnscaledVolInertiaOffDiags":{"x":7.221463680267334,"y":0,"z":0},"UnscaledVolume":14.443809509277344,"Anchored":true,"CFrame":{"X":-535.201904296875,"Y":58.035037994384766,"Z":-3360.248291015625,"R00":-0.0001500844955444336,"R01":0.8504122495651245,"R02":0.5261169672012329,"R10":-1,"R11":-0.00018346309661865234,"R12":0.000011295080184936523,"R20":0.00010612607002258301,"R21":-0.5261169672012329,"R22":0.8504122495651245},"CanCollide":false,"Color3uint8":"4291045404","EnableFluidForces":false,"MaterialVariantSerialized":"","Transparency":1,"size":{"x":10.399999618530273,"y":9.421000480651855,"z":7.944000244140625},"AttributesSerialize":"","DefinesCapabilities":false,"Name":"Fill"},"attributes":null,"tags":[]}
{"referent":"5351","class":"UnionOperation","name":"Fill","path":"Workspace.Bases.Base.Triangle Foundation.Triangle Foundation.Fill","parent_referent":"5345","properties":{"AssetId":"https://www.roblox.com//asset/?id=12324795543","ComponentIndex":-1,"FormFactor":3,"InitialSize":{"x":11,"y":11.000007629394531,"z":9.166816711425781},"OffCentered":false,"UsePartColor":true,"CollisionFidelity":0,"FluidFidelityInternal":0,"InertiaMigrated":true,"UnscaledCofm":{"x":-0.1946384310722351,"y":-0.14876851439476013,"z":1.505793571472168},"UnscaledVolInertiaDiags":{"x":5090.462890625,"y":7755.41796875,"z":7955.19384765625},"UnscaledVolInertiaOffDiags":{"x":167.23355102539062,"y":29.48531723022461,"z":29.98394775390625},"UnscaledVolume":501.03875732421875,"Anchored":true,"CFrame":{"X":-535.4613647460938,"Y":58.3350830078125,"Z":-3360.701171875,"R00":0.0001500844955444336,"R01":-0.8504122495651245,"R02":0.5261169672012329,"R10":1,"R11":0.00018346309661865234,"R12":0.000011295080184936523,"R20":-0.00010612607002258301,"R21":0.5261169672012329,"R22":0.8504122495651245},"CanCollide":false,"Color3uint8":"4294498669","EnableFluidForces":false,"Material":512,"MaterialVariantSerialized":"","Transparency":1,"size":{"x":11,"y":11,"z":9.526000022888184},"AttributesSerialize":"","DefinesCapabilities":false,"Name":"Fill"},"attributes":null,"tags":[]}
{"referent":"5346","class":"UnionOperation","name":"Main","path":"Workspace.Bases.Base.Triangle Foundation.Triangle Foundation.Main","parent_referent":"5345","properties":{"AssetId":"https://www.roblox.com//asset/?id=12324795501","ComponentIndex":-1,"FormFactor":3,"InitialSize":{"x":0.99993896484375,"y":10,"z":8.666814804077148},"OffCentered":false,"UsePartColor":true,"CollisionFidelity":0,"FluidFidelityInternal":0,"InertiaMigrated":true,"UnscaledCofm":{"x":-0.000030517578125,"y":5.469164685478929e-17,"z":1.4441853761672974},"UnscaledVolInertiaDiags":{"x":361.08599853515625,"y":184.24993896484375,"z":184.04718017578125},"UnscaledVolInertiaOffDiags":{"x":-7.228014698648314e-20,"y":-5.427516075462435e-16,"z":-2.26382366527039e-15},"UnscaledVolume":43.30598831176758,"Anchored":true,"CFrame":{"X":-535.3289794921875,"Y":63.33502197265625,"Z":-3360.489013671875,"R00":-0.0001500844955444336,"R01":0.8504122495651245,"R02":0.5261169672012329,"R10":-1,"R11":-0.00018346309661865234,"R12":0.000011295080184936523,"R20":0.00010612607002258301,"R21":-0.5261169672012329,"R22":0.8504122495651245},"CanCollide":false,"CanTouch":false,"Color3uint8":"4294498669","EnableFluidForces":false,"Material":512,"MaterialVariantSerialized":"","Transparency":1,"size":{"x":1,"y":10,"z":8.666000366210938},"AttributesSerialize":"","DefinesCapabilities":false,"Name":"Main"},"attributes":null,"tags":[]}
{"referent":"5362","class":"UnionOperation","name":"Fill","path":"Workspace.Bases.Base.Triangle Foundation.Triangle Foundation.CollisionParts.Fill","parent_referent":"5361","properties":{"AssetId":"https://www.roblox.com//asset/?id=12324795501","ComponentIndex":-1,"FormFactor":3,"InitialSize":{"x":0.99993896484375,"y":10,"z":8.666814804077148},"OffCentered":false,"UsePartColor":true,"CollisionFidelity":3,"FluidFidelityInternal":0,"InertiaMigrated":true,"UnscaledCofm":{"x":-0.0000305124995065853,"y":0,"z":2.1667027473449707},"UnscaledVolInertiaDiags":{"x":149.01336669921875,"y":42.128990173339844,"z":109.77277374267578},"UnscaledVolInertiaOffDiags":{"x":7.221463680267334,"y":0,"z":0},"UnscaledVolume":14.443809509277344,"Anchored":true,"CFrame":{"X":-545.9541625976562,"Y":58.035030364990234,"Z":-3340.2255859375,"R00":0.00004118680953979492,"R01":-0.02973473072052002,"R02":0.9995578527450562,"R10":-1,"R11":0.00012880563735961914,"R12":0.00004506111145019531,"R20":-0.00013008713722229004,"R21":-0.9995578527450562,"R22":-0.02973473072052002},"CanCollide":false,"Color3uint8":"4291045404","EnableFluidForces":false,"MaterialVariantSerialized":"","Transparency":1,"size":{"x":10.399999618530273,"y":9.421000480651855,"z":7.944000244140625},"AttributesSerialize":"","DefinesCapabilities":false,"Name":"Fill"},"attributes":null,"tags":[]}
{"referent":"5359","class":"UnionOperation","name":"Main","path":"Workspace.Bases.Base.Triangle Foundation.Triangle Foundation.Main","parent_referent":"5358","properties":{"AssetId":"https://www.roblox.com//asset/?id=12324795501","ComponentIndex":-1,"FormFactor":3,"InitialSize":{"x":0.99993896484375,"y":10,"z":8.666814804077148},"OffCentered":false,"UsePartColor":true,"CollisionFidelity":0,"FluidFidelityInternal":0,"InertiaMigrated":true,"UnscaledCofm":{"x":-0.000030517578125,"y":5.469164685478929e-17,"z":1.4441853761672974},"UnscaledVolInertiaDiags":{"x":361.08599853515625,"y":184.24993896484375,"z":184.04718017578125},"UnscaledVolInertiaOffDiags":{"x":-7.228014698648314e-20,"y":-5.427516075462435e-16,"z":-2.26382366527039e-15},"UnscaledVolume":43.30598831176758,"Anchored":true,"CFrame":{"X":-546.2260131835938,"Y":63.33502197265625,"Z":-3340.23388671875,"R00":0.00004118680953979492,"R01":-0.02973473072052002,"R02":0.9995578527450562,"R10":-1,"R11":0.00012880563735961914,"R12":0.00004506111145019531,"R20":-0.00013008713722229004,"R21":-0.9995578527450562,"R22":-0.02973473072052002},"CanCollide":false,"CanTouch":false,"Color3uint8":"4294498669","EnableFluidForces":false,"Material":512,"MaterialVariantSerialized":"","Transparency":1,"size":{"x":1,"y":10,"z":8.666000366210938},"AttributesSerialize":"","DefinesCapabilities":false,"Name":"Main"},"attributes":null,"tags":[]}
{"referent":"5370","class":"UnionOperation","name":"Fill","path":"Workspace.Bases.Base.Triangle Foundation.Triangle Foundation.Fill","parent_referent":"5358","properties":{"AssetId":"https://www.roblox.com//asset/?id=12324795543","ComponentIndex":-1,"FormFactor":3,"InitialSize":{"x":11,"y":11.000007629394531,"z":9.166816711425781},"OffCentered":false,"UsePartColor":true,"CollisionFidelity":0,"FluidFidelityInternal":0,"InertiaMigrated":true,"UnscaledCofm":{"x":-0.1946384310722351,"y":-0.14876851439476013,"z":1.505793571472168},"UnscaledVolInertiaDiags":{"x":5090.462890625,"y":7755.41796875,"z":7955.19384765625},"UnscaledVolInertiaOffDiags":{"x":167.23355102539062,"y":29.48531723022461,"z":29.98394775390625},"UnscaledVolume":501.03875732421875,"Anchored":true,"CFrame":{"X":-546.4759521484375,"Y":58.3350830078125,"Z":-3340.2275390625,"R00":-0.00004124641418457031,"R01":0.02973473072052002,"R02":0.9995578527450562,"R10":1,"R11":-0.00012886524200439453,"R12":0.00004506111145019531,"R20":0.00013008713722229004,"R21":0.9995578527450562,"R22":-0.02973473072052002},"CanCollide":false,"Color3uint8":"4294498669","EnableFluidForces":false,"Material":512,"MaterialVariantSerialized":"","Transparency":1,"size":{"x":11,"y":11,"z":9.526000022888184},"AttributesSerialize":"","DefinesCapabilities":false,"Name":"Fill"},"attributes":null,"tags":[]}
{"referent":"5374","class":"UnionOperation","name":"Fill","path":"Workspace.Bases.Base.Triangle Foundation.Triangle Foundation.CollisionParts.Fill","parent_referent":"5373","properties":{"AssetId":"https://www.roblox.com//asset/?id=12324795501","ComponentIndex":-1,"FormFactor":3,"InitialSize":{"x":0.99993896484375,"y":10,"z":8.666814804077148},"OffCentered":false,"UsePartColor":true,"CollisionFidelity":3,"FluidFidelityInternal":0,"InertiaMigrated":true,"UnscaledCofm":{"x":-0.0000305124995065853,"y":0,"z":2.1667027473449707},"UnscaledVolInertiaDiags":{"x":149.01336669921875,"y":42.128990173339844,"z":109.77277374267578},"UnscaledVolInertiaOffDiags":{"x":7.221463680267334,"y":0,"z":0},"UnscaledVolume":14.443809509277344,"Anchored":true,"CFrame":{"X":-548.3568725585938,"Y":58.035030364990234,"Z":-3344.149169921875,"R00":-0.0001983642578125,"R01":-0.8804481029510498,"R02":0.4741426706314087,"R10":-1.0000001192092896,"R11":0.00022798776626586914,"R12":0.000005453824996948242,"R20":-0.00011295080184936523,"R21":-0.4741426706314087,"R22":-0.8804483413696289},"CanCollide":false,"Color3uint8":"4291045404","EnableFluidForces":false,"MaterialVariantSerialized":"","Transparency":1,"size":{"x":10.399999618530273,"y":9.421000480651855,"z":7.944000244140625},"AttributesSerialize":"","DefinesCapabilities":false,"Name":"Fill"},"attributes":null,"tags":[]}
{"referent":"5371","class":"UnionOperation","name":"Main","path":"Workspace.Bases.Base.Triangle Foundation.Triangle Foundation.Main","parent_referent":"5300","properties":{"AssetId":"https://www.roblox.com//asset/?id=12324795501","ComponentIndex":-1,"FormFactor":3,"InitialSize":{"x":0.99993896484375,"y":10,"z":8.666814804077148},"OffCentered":false,"UsePartColor":true,"CollisionFidelity":0,"FluidFidelityInternal":0,"InertiaMigrated":true,"UnscaledCofm":{"x":-0.000030517578125,"y":5.469164685478929e-17,"z":1.4441853761672974},"UnscaledVolInertiaDiags":{"x":361.08599853515625,"y":184.24993896484375,"z":184.04718017578125},"UnscaledVolInertiaOffDiags":{"x":-7.228014698648314e-20,"y":-5.427516075462435e-16,"z":-2.26382366527039e-15},"UnscaledVolume":43.30598831176758,"Anchored":true,"CFrame":{"X":-548.5,"Y":63.33502197265625,"Z":-3343.91796875,"R00":-0.0001983642578125,"R01":-0.8804481029510498,"R02":0.4741426706314087,"R10":-1.0000001192092896,"R11":0.00022798776626586914,"R12":0.000005453824996948242,"R20":-0.00011295080184936523,"R21":-0.4741426706314087,"R22":-0.8804483413696289},"CanCollide":false,"CanTouch":false,"Color3uint8":"4294498669","EnableFluidForces":false,"Material":512,"MaterialVariantSerialized":"","Transparency":1,"size":{"x":1,"y":10,"z":8.666000366210938},"AttributesSerialize":"","DefinesCapabilities":false,"Name":"Main"},"attributes":null,"tags":[]}
{"referent":"5381","class":"UnionOperation","name":"Fill","path":"Workspace.Bases.Base.Triangle Foundation.Triangle Foundation.Fill","parent_referent":"5300","properties":{"AssetId":"https://www.roblox.com//asset/?id=12324795543","ComponentIndex":-1,"FormFactor":3,"InitialSize":{"x":11,"y":11.000007629394531,"z":9.166816711425781},"OffCentered":false,"UsePartColor":true,"CollisionFidelity":0,"FluidFidelityInternal":0,"InertiaMigrated":true,"UnscaledCofm":{"x":-0.1946384310722351,"y":-0.14876851439476013,"z":1.505793571472168},"UnscaledVolInertiaDiags":{"x":5090.462890625,"y":7755.41796875,"z":7955.19384765625},"UnscaledVolInertiaOffDiags":{"x":167.23355102539062,"y":29.48531723022461,"z":29.98394775390625},"UnscaledVolume":501.03875732421875,"Anchored":true,"CFrame":{"X":-548.6194458007812,"Y":58.3350830078125,"Z":-3343.6982421875,"R00":0.00019812583923339844,"R01":0.8804481029510498,"R02":0.4741426706314087,"R10":1.0000001192092896,"R11":-0.0002281665802001953,"R12":0.000005453824996948242,"R20":0.00011295080184936523,"R21":0.4741426706314087,"R22":-0.8804483413696289},"CanCollide":false,"Color3uint8":"4294498669","EnableFluidForces":false,"Material":512,"MaterialVariantSerialized":"","Transparency":1,"size":{"x":11,"y":11,"z":9.526000022888184},"AttributesSerialize":"","DefinesCapabilities":false,"Name":"Fill"},"attributes":null,"tags":[]}
{"referent":"5385","class":"UnionOperation","name":"Fill","path":"Workspace.Bases.Base.Triangle Foundation.Triangle Foundation.CollisionParts.Fill","parent_referent":"5384","properties":{"AssetId":"https://www.roblox.com//asset/?id=12324795501","ComponentIndex":-1,"FormFactor":3,"InitialSize":{"x":0.99993896484375,"y":10,"z":8.666814804077148},"OffCentered":false,"UsePartColor":true,"CollisionFidelity":3,"FluidFidelityInternal":0,"InertiaMigrated":true,"UnscaledCofm":{"x":-0.0000305124995065853,"y":0,"z":2.1667027473449707},"UnscaledVolInertiaDiags":{"x":149.01336669921875,"y":42.128990173339844,"z":109.77277374267578},"UnscaledVolInertiaOffDiags":{"x":7.221463680267334,"y":0,"z":0},"UnscaledVolume":14.443809509277344,"Anchored":true,"CFrame":{"X":-539.801025390625,"Y":58.035037994384766,"Z":-3360.125732421875,"R00":-0.0001983642578125,"R01":0.8804481029510498,"R02":-0.4741426706314087,"R10":-1.0000001192092896,"R11":-0.0002281665802001953,"R12":-0.000005453824996948242,"R20":-0.00011295080184936523,"R21":0.4741426706314087,"R22":0.880448043346405},"CanCollide":false,"Color3uint8":"4291045404","EnableFluidForces":false,"MaterialVariantSerialized":"","Transparency":1,"size":{"x":10.399999618530273,"y":9.421000480651855,"z":7.944000244140625},"AttributesSerialize":"","DefinesCapabilities":false,"Name":"Fill"},"attributes":null,"tags":[]}
{"referent":"5386","class":"UnionOperation","name":"Fill","path":"Workspace.Bases.Base.Triangle Foundation.Triangle Foundation.Fill","parent_referent":"5304","properties":{"AssetId":"https://www.roblox.com//asset/?id=12324795543","ComponentIndex":-1,"FormFactor":3,"InitialSize":{"x":11,"y":11.000007629394531,"z":9.166816711425781},"OffCentered":false,"UsePartColor":true,"CollisionFidelity":0,"FluidFidelityInternal":0,"InertiaMigrated":true,"UnscaledCofm":{"x":-0.1946384310722351,"y":-0.14876851439476013,"z":1.505793571472168},"UnscaledVolInertiaDiags":{"x":5090.462890625,"y":7755.41796875,"z":7955.19384765625},"UnscaledVolInertiaOffDiags":{"x":167.23355102539062,"y":29.48531723022461,"z":29.98394775390625},"UnscaledVolume":501.03875732421875,"Anchored":true,"CFrame":{"X":-539.5383911132812,"Y":58.3350830078125,"Z":-3360.57666015625,"R00":0.00019812583923339844,"R01":-0.8804481029510498,"R02":-0.4741426706314087,"R10":1.0000001192092896,"R11":0.00022798776626586914,"R12":-0.000005453824996948242,"R20":0.00011295080184936523,"R21":-0.4741426706314087,"R22":0.880448043346405},"CanCollide":false,"Color3uint8":"4294498669","EnableFluidForces":false,"Material":512,"MaterialVariantSerialized":"","Transparency":1,"size":{"x":11,"y":11,"z":9.526000022888184},"AttributesSerialize":"","DefinesCapabilities":false,"Name":"Fill"},"attributes":null,"tags":[]}
{"referent":"5382","class":"UnionOperation","name":"Main","path":"Workspace.Bases.Base.Triangle Foundation.Triangle Foundation.Main","parent_referent":"5304","properties":{"AssetId":"https://www.roblox.com//asset/?id=12324795501","ComponentIndex":-1,"FormFactor":3,"InitialSize":{"x":0.99993896484375,"y":10,"z":8.666814804077148},"OffCentered":false,"UsePartColor":true,"CollisionFidelity":0,"FluidFidelityInternal":0,"InertiaMigrated":true,"UnscaledCofm":{"x":-0.000030517578125,"y":5.469164685478929e-17,"z":1.4441853761672974},"UnscaledVolInertiaDiags":{"x":361.08599853515625,"y":184.24993896484375,"z":184.04718017578125},"UnscaledVolInertiaOffDiags":{"x":-7.228014698648314e-20,"y":-5.427516075462435e-16,"z":-2.26382366527039e-15},"UnscaledVolume":43.30598831176758,"Anchored":true,"CFrame":{"X":-539.656005859375,"Y":63.33502197265625,"Z":-3360.35595703125,"R00":-0.0001983642578125,"R01":0.8804481029510498,"R02":-0.4741426706314087,"R10":-1.0000001192092896,"R11":-0.0002281665802001953,"R12":-0.000005453824996948242,"R20":-0.00011295080184936523,"R21":0.4741426706314087,"R22":0.880448043346405},"CanCollide":false,"CanTouch":false,"Color3uint8":"4294498669","EnableFluidForces":false,"Material":512,"MaterialVariantSerialized":"","Transparency":1,"size":{"x":1,"y":10,"z":8.666000366210938},"AttributesSerialize":"","DefinesCapabilities":false,"Name":"Main"},"attributes":null,"tags":[]}
{"referent":"5396","class":"UnionOperation","name":"Fill","path":"Workspace.Bases.Base.Triangle Foundation.Triangle Foundation.CollisionParts.Fill","parent_referent":"5395","properties":{"AssetId":"https://www.roblox.com//asset/?id=12324795501","ComponentIndex":-1,"FormFactor":3,"InitialSize":{"x":0.99993896484375,"y":10,"z":8.666814804077148},"OffCentered":false,"UsePartColor":true,"CollisionFidelity":3,"FluidFidelityInternal":0,"InertiaMigrated":true,"UnscaledCofm":{"x":-0.0000305124995065853,"y":0,"z":2.1667027473449707},"UnscaledVolInertiaDiags":{"x":149.01336669921875,"y":42.128990173339844,"z":109.77277374267578},"UnscaledVolInertiaOffDiags":{"x":7.221463680267334,"y":0,"z":0},"UnscaledVolume":14.443809509277344,"Anchored":true,"CFrame":{"X":-604.9047241210938,"Y":58.035037994384766,"Z":-3384.842041015625,"R00":-0.00009071826934814453,"R01":0.47397252917289734,"R02":0.8805397748947144,"R10":-1.0000001192092896,"R11":-0.00021588802337646484,"R12":0.00001329183578491211,"R20":0.00019630789756774902,"R21":-0.8805397748947144,"R22":0.4739724397659302},"CanCollide":false,"Color3uint8":"4291045404","EnableFluidForces":false,"MaterialVariantSerialized":"","Transparency":1,"size":{"x":10.399999618530273,"y":9.421000480651855,"z":7.944000244140625},"AttributesSerialize":"","DefinesCapabilities":false,"Name":"Fill"},"attributes":null,"tags":[]}
{"referent":"5393","class":"UnionOperation","name":"Main","path":"Workspace.Bases.Base.Triangle Foundation.Triangle Foundation.Main","parent_referent":"5330","properties":{"AssetId":"https://www.roblox.com//asset/?id=12324795501","ComponentIndex":-1,"FormFactor":3,"InitialSize":{"x":0.99993896484375,"y":10,"z":8.666814804077148},"OffCentered":false,"UsePartColor":true,"CollisionFidelity":0,"FluidFidelityInternal":0,"InertiaMigrated":true,"UnscaledCofm":{"x":-0.000030517578125,"y":5.469164685478929e-17,"z":1.4441853761672974},"UnscaledVolInertiaDiags":{"x":361.08599853515625,"y":184.24993896484375,"z":184.04718017578125},"UnscaledVolInertiaOffDiags":{"x":-7.228014698648314e-20,"y":-5.427516075462435e-16,"z":-2.26382366527039e-15},"UnscaledVolume":43.30598831176758,"Anchored":true,"CFrame":{"X":-605.135009765625,"Y":63.33502197265625,"Z":-3384.987060546875,"R00":-0.00009071826934814453,"R01":0.47397252917289734,"R02":0.8805397748947144,"R10":-1.0000001192092896,"R11":-0.00021588802337646484,"R12":0.00001329183578491211,"R20":0.00019630789756774902,"R21":-0.8805397748947144,"R22":0.4739724397659302},"CanCollide":false,"CanTouch":false,"Color3uint8":"4288914085","EnableFluidForces":false,"Material":816,"MaterialVariantSerialized":"","Transparency":1,"size":{"x":1,"y":10,"z":8.666000366210938},"AttributesSerialize":"","DefinesCapabilities":false,"Name":"Main"},"attributes":null,"tags":[]}
{"referent":"5473","class":"UnionOperation","name":"CollisionPart","path":"Workspace.Bases.Base.Triangle Floor.Triangle Floor.CollisionParts.CollisionPart","parent_referent":"5472","properties":{"AssetId":"https://www.roblox.com//asset/?id=12324795465","ComponentIndex":-1,"FormFactor":3,"InitialSize":{"x":0.99993896484375,"y":10,"z":8.666814804077148},"OffCentered":false,"UsePartColor":true,"CollisionFidelity":0,"FluidFidelityInternal":0,"InertiaMigrated":true,"UnscaledCofm":{"x":0.000030517578125,"y":5.469164685478929e-17,"z":1.4441853761672974},"UnscaledVolInertiaDiags":{"x":361.08599853515625,"y":184.24993896484375,"z":184.04718017578125},"UnscaledVolInertiaOffDiags":{"x":7.228014698648314e-20,"y":5.427516075462435e-16,"z":-2.26382366527039e-15},"UnscaledVolume":43.30598831176758,"Anchored":true,"CFrame":{"X":-602.820068359375,"Y":73.28997802734375,"Z":-3384.947265625,"R00":-0.00008463859558105469,"R01":0.5259023308753967,"R02":-0.8505451679229736,"R10":-1.0000001192092896,"R11":-0.00014412403106689453,"R12":0.000010341405868530273,"R20":-0.0001169741153717041,"R21":0.8505451679229736,"R22":0.5259021520614624},"CanCollide":false,"Color3uint8":"4291045404","EnableFluidForces":false,"MaterialVariantSerialized":"","Transparency":1,"size":{"x":0.5499999523162842,"y":8,"z":6.927999973297119},"AttributesSerialize":"","DefinesCapabilities":false,"Name":"CollisionPart"},"attributes":null,"tags":[]}
{"referent":"5471","class":"UnionOperation","name":"Main","path":"Workspace.Bases.Base.Triangle Floor.Triangle Floor.Main","parent_referent":"5462","properties":{"AssetId":"https://www.roblox.com//asset/?id=12324795465","ComponentIndex":-1,"FormFactor":3,"InitialSize":{"x":0.99993896484375,"y":10,"z":8.666814804077148},"OffCentered":false,"UsePartColor":true,"CollisionFidelity":0,"FluidFidelityInternal":0,"InertiaMigrated":true,"UnscaledCofm":{"x":0.000030517578125,"y":5.469164685478929e-17,"z":1.4441853761672974},"UnscaledVolInertiaDiags":{"x":361.08599853515625,"y":184.24993896484375,"z":184.04718017578125},"UnscaledVolInertiaOffDiags":{"x":7.228014698648314e-20,"y":5.427516075462435e-16,"z":-2.26382366527039e-15},"UnscaledVolume":43.30598831176758,"Anchored":true,"CFrame":{"X":-602.6329956054688,"Y":73.33502197265625,"Z":-3385.06298828125,"R00":-0.00008463859558105469,"R01":0.5259023308753967,"R02":-0.8505451679229736,"R10":-1.0000001192092896,"R11":-0.00014412403106689453,"R12":0.000010341405868530273,"R20":-0.0001169741153717041,"R21":0.8505451679229736,"R22":0.5259021520614624},"CanCollide":false,"CanTouch":false,"Color3uint8":"4288914085","EnableFluidForces":false,"Material":816,"MaterialVariantSerialized":"","Transparency":1,"size":{"x":0.99993896484375,"y":10,"z":8.666814804077148},"AttributesSerialize":"","DefinesCapabilities":false,"Name":"Main"},"attributes":null,"tags":[]}
{"referent":"6561","class":"UnionOperation","name":"Fill","path":"Workspace.Bases.Base.Triangle Foundation.Triangle Foundation.CollisionParts.Fill","parent_referent":"6560","properties":{"AssetId":"https://www.roblox.com//asset/?id=12324795501","ComponentIndex":-1,"FormFactor":3,"InitialSize":{"x":0.99993896484375,"y":10,"z":8.666814804077148},"OffCentered":false,"UsePartColor":true,"CollisionFidelity":3,"FluidFidelityInternal":0,"InertiaMigrated":true,"UnscaledCofm":{"x":-0.0000305124995065853,"y":0,"z":2.1667027473449707},"UnscaledVolInertiaDiags":{"x":149.01336669921875,"y":42.128990173339844,"z":109.77277374267578},"UnscaledVolInertiaOffDiags":{"x":7.221463680267334,"y":0,"z":0},"UnscaledVolume":14.443809509277344,"Anchored":true,"CFrame":{"X":-318.67913818359375,"Y":55.725040435791016,"Z":-2305.56787109375,"R00":-0.00024247169494628906,"R01":0.8942892551422119,"R02":0.44748932123184204,"R10":-1,"R11":-0.00027048587799072266,"R12":-0.0000011920928955078125,"R20":0.00011996924877166748,"R21":-0.44748932123184204,"R22":0.8942892551422119},"CanCollide":false,"Color3uint8":"4291045404","EnableFluidForces":false,"MaterialVariantSerialized":"","Transparency":1,"size":{"x":10.399999618530273,"y":9.421000480651855,"z":7.944000244140625},"AttributesSerialize":"","DefinesCapabilities":false,"Name":"Fill"},"attributes":null,"tags":[]}
{"referent":"6559","class":"UnionOperation","name":"Main","path":"Workspace.Bases.Base.Triangle Foundation.Triangle Foundation.Main","parent_referent":"6276","properties":{"AssetId":"https://www.roblox.com//asset/?id=12324795501","ComponentIndex":-1,"FormFactor":3,"InitialSize":{"x":0.99993896484375,"y":10,"z":8.666814804077148},"OffCentered":false,"UsePartColor":true,"CollisionFidelity":0,"FluidFidelityInternal":0,"InertiaMigrated":true,"UnscaledCofm":{"x":-0.000030517578125,"y":5.469164685478929e-17,"z":1.4441853761672974},"UnscaledVolInertiaDiags":{"x":361.08599853515625,"y":184.24993896484375,"z":184.04718017578125},"UnscaledVolInertiaOffDiags":{"x":-7.228014698648314e-20,"y":-5.427516075462435e-16,"z":-2.26382366527039e-15},"UnscaledVolume":43.30598831176758,"Anchored":true,"CFrame":{"X":-318.7839660644531,"Y":61.0250244140625,"Z":-2305.819091796875,"R00":-0.00024247169494628906,"R01":0.8942892551422119,"R02":0.44748932123184204,"R10":-1,"R11":-0.00027048587799072266,"R12":-0.0000011920928955078125,"R20":0.00011996924877166748,"R21":-0.44748932123184204,"R22":0.8942892551422119},"CanCollide":false,"CanTouch":false,"Color3uint8":"4288914085","EnableFluidForces":false,"Material":816,"MaterialVariantSerialized":"","Transparency":1,"size":{"x":1,"y":10,"z":8.666000366210938},"AttributesSerialize":"","DefinesCapabilities":false,"Name":"Main"},"attributes":null,"tags":[]}
{"referent":"6571","class":"UnionOperation","name":"CollisionPart","path":"Workspace.Bases.Base.Triangle Floor.Triangle Floor.CollisionParts.CollisionPart","parent_referent":"6570","properties":{"AssetId":"https://www.roblox.com//asset/?id=12324795465","ComponentIndex":-1,"FormFactor":3,"InitialSize":{"x":0.99993896484375,"y":10,"z":8.666814804077148},"OffCentered":false,"UsePartColor":true,"CollisionFidelity":0,"FluidFidelityInternal":0,"InertiaMigrated":true,"UnscaledCofm":{"x":0.000030517578125,"y":5.469164685478929e-17,"z":1.4441853761672974},"UnscaledVolInertiaDiags":{"x":361.08599853515625,"y":184.24993896484375,"z":184.04718017578125},"UnscaledVolInertiaOffDiags":{"x":7.228014698648314e-20,"y":5.427516075462435e-16,"z":-2.26382366527039e-15},"UnscaledVolume":43.30598831176758,"Anchored":true,"CFrame":{"X":-316.91357421875,"Y":70.97998046875,"Z":-2304.455078125,"R00":-0.00006783008575439453,"R01":-0.0597689151763916,"R02":-0.9982122778892517,"R10":-1,"R11":0.00023508071899414062,"R12":0.00005379319190979004,"R20":0.0002315044403076172,"R21":0.9982122182846069,"R22":-0.0597689151763916},"CanCollide":false,"Color3uint8":"4291045404","EnableFluidForces":false,"MaterialVariantSerialized":"","Transparency":1,"size":{"x":0.5499999523162842,"y":8,"z":6.927999973297119},"AttributesSerialize":"","DefinesCapabilities":false,"Name":"CollisionPart"},"attributes":null,"tags":[]}
{"referent":"6569","class":"UnionOperation","name":"Main","path":"Workspace.Bases.Base.Triangle Floor.Triangle Floor.Main","parent_referent":"6313","properties":{"AssetId":"https://www.roblox.com//asset/?id=12324795465","ComponentIndex":-1,"FormFactor":3,"InitialSize":{"x":0.99993896484375,"y":10,"z":8.666814804077148},"OffCentered":false,"UsePartColor":true,"CollisionFidelity":0,"FluidFidelityInternal":0,"InertiaMigrated":true,"UnscaledCofm":{"x":0.000030517578125,"y":5.469164685478929e-17,"z":1.4441853761672974},"UnscaledVolInertiaDiags":{"x":361.08599853515625,"y":184.24993896484375,"z":184.04718017578125},"UnscaledVolInertiaOffDiags":{"x":7.228014698648314e-20,"y":5.427516075462435e-16,"z":-2.26382366527039e-15},"UnscaledVolume":43.30598831176758,"Anchored":true,"CFrame":{"X":-316.6940002441406,"Y":71.0250244140625,"Z":-2304.44189453125,"R00":-0.00006783008575439453,"R01":-0.0597689151763916,"R02":-0.9982122778892517,"R10":-1,"R11":0.00023508071899414062,"R12":0.00005379319190979004,"R20":0.0002315044403076172,"R21":0.9982122182846069,"R22":-0.0597689151763916},"CanCollide":false,"CanTouch":false,"Color3uint8":"4288914085","EnableFluidForces":false,"Material":816,"MaterialVariantSerialized":"","Transparency":1,"size":{"x":0.99993896484375,"y":10,"z":8.666814804077148},"AttributesSerialize":"","DefinesCapabilities":false,"Name":"Main"},"attributes":null,"tags":[]}
{"referent":"6766","class":"UnionOperation","name":"CollisionPart","path":"Workspace.Bases.Base.Triangle Floor.Triangle Floor.CollisionParts.CollisionPart","parent_referent":"6765","properties":{"AssetId":"https://www.roblox.com//asset/?id=12324795465","ComponentIndex":-1,"FormFactor":3,"InitialSize":{"x":0.99993896484375,"y":10,"z":8.666814804077148},"OffCentered":false,"UsePartColor":true,"CollisionFidelity":0,"FluidFidelityInternal":0,"InertiaMigrated":true,"UnscaledCofm":{"x":0.000030517578125,"y":5.469164685478929e-17,"z":1.4441853761672974},"UnscaledVolInertiaDiags":{"x":361.08599853515625,"y":184.24993896484375,"z":184.04718017578125},"UnscaledVolInertiaOffDiags":{"x":7.228014698648314e-20,"y":5.427516075462435e-16,"z":-2.26382366527039e-15},"UnscaledVolume":43.30598831176758,"Anchored":true,"CFrame":{"X":-142.6991729736328,"Y":93.47210693359375,"Z":-2411.766845703125,"R00":-0.00001823902130126953,"R01":-0.7974252700805664,"R02":0.6034176349639893,"R10":-1,"R11":0.000018298625946044922,"R12":-0.00000616908073425293,"R20":-0.00000616908073425293,"R21":-0.6034176349639893,"R22":-0.7974252700805664},"CanCollide":false,"Color3uint8":"4291045404","EnableFluidForces":false,"MaterialVariantSerialized":"","Transparency":1,"size":{"x":0.5499999523162842,"y":8,"z":6.927999973297119},"AttributesSerialize":"","DefinesCapabilities":false,"Name":"CollisionPart"},"attributes":null,"tags":[]}
{"referent":"6764","class":"UnionOperation","name":"Main","path":"Workspace.Bases.Base.Triangle Floor.Triangle Floor.Main","parent_referent":"6763","properties":{"AssetId":"https://www.roblox.com//asset/?id=12324795465","ComponentIndex":-1,"FormFactor":3,"InitialSize":{"x":0.99993896484375,"y":10,"z":8.666814804077148},"OffCentered":false,"UsePartColor":true,"CollisionFidelity":0,"FluidFidelityInternal":0,"InertiaMigrated":true,"UnscaledCofm":{"x":0.000030517578125,"y":5.469164685478929e-17,"z":1.4441853761672974},"UnscaledVolInertiaDiags":{"x":361.08599853515625,"y":184.24993896484375,"z":184.04718017578125},"UnscaledVolInertiaOffDiags":{"x":7.228014698648314e-20,"y":5.427516075462435e-16,"z":-2.26382366527039e-15},"UnscaledVolume":43.30598831176758,"Anchored":true,"CFrame":{"X":-142.8319091796875,"Y":93.51715087890625,"Z":-2411.591552734375,"R00":-0.00001823902130126953,"R01":-0.7974252700805664,"R02":0.6034176349639893,"R10":-1,"R11":0.000018298625946044922,"R12":-0.00000616908073425293,"R20":-0.00000616908073425293,"R21":-0.6034176349639893,"R22":-0.7974252700805664},"CanCollide":false,"CanTouch":false,"Color3uint8":"4288914085","EnableFluidForces":false,"Material":816,"MaterialVariantSerialized":"","Transparency":1,"size":{"x":0.99993896484375,"y":10,"z":8.666814804077148},"AttributesSerialize":"","DefinesCapabilities":false,"Name":"Main"},"attributes":null,"tags":[]}
{"referent":"6781","class":"UnionOperation","name":"CollisionPart","path":"Workspace.Bases.Base.Triangle Floor.Triangle Floor.CollisionParts.CollisionPart","parent_referent":"6780","properties":{"AssetId":"https://www.roblox.com//asset/?id=12324795465","ComponentIndex":-1,"FormFactor":3,"InitialSize":{"x":0.99993896484375,"y":10,"z":8.666814804077148},"OffCentered":false,"UsePartColor":true,"CollisionFidelity":0,"FluidFidelityInternal":0,"InertiaMigrated":true,"UnscaledCofm":{"x":0.000030517578125,"y":5.469164685478929e-17,"z":1.4441853761672974},"UnscaledVolInertiaDiags":{"x":361.08599853515625,"y":184.24993896484375,"z":184.04718017578125},"UnscaledVolInertiaOffDiags":{"x":7.228014698648314e-20,"y":5.427516075462435e-16,"z":-2.26382366527039e-15},"UnscaledVolume":43.30598831176758,"Anchored":true,"CFrame":{"X":-134.463623046875,"Y":93.4720458984375,"Z":-2407.837890625,"R00":-0.000048160552978515625,"R01":0.9212936758995056,"R02":0.38886764645576477,"R10":-1,"R11":-0.000048160552978515625,"R12":-0.000009745359420776367,"R20":0.000009745359420776367,"R21":-0.38886764645576477,"R22":0.9212936162948608},"CanCollide":false,"Color3uint8":"4291045404","EnableFluidForces":false,"MaterialVariantSerialized":"","Transparency":1,"size":{"x":0.5499999523162842,"y":8,"z":6.927999973297119},"AttributesSerialize":"","DefinesCapabilities":false,"Name":"CollisionPart"},"attributes":null,"tags":[]}
{"referent":"6779","class":"UnionOperation","name":"Main","path":"Workspace.Bases.Base.Triangle Floor.Triangle Floor.Main","parent_referent":"6778","properties":{"AssetId":"https://www.roblox.com//asset/?id=12324795465","ComponentIndex":-1,"FormFactor":3,"InitialSize":{"x":0.99993896484375,"y":10,"z":8.666814804077148},"OffCentered":false,"UsePartColor":true,"CollisionFidelity":0,"FluidFidelityInternal":0,"InertiaMigrated":true,"UnscaledCofm":{"x":0.000030517578125,"y":5.469164685478929e-17,"z":1.4441853761672974},"UnscaledVolInertiaDiags":{"x":361.08599853515625,"y":184.24993896484375,"z":184.04718017578125},"UnscaledVolInertiaOffDiags":{"x":7.228014698648314e-20,"y":5.427516075462435e-16,"z":-2.26382366527039e-15},"UnscaledVolume":43.30598831176758,"Anchored":true,"CFrame":{"X":-134.54916381835938,"Y":93.51708984375,"Z":-2408.04052734375,"R00":-0.000048160552978515625,"R01":0.9212936758995056,"R02":0.38886764645576477,"R10":-1,"R11":-0.000048160552978515625,"R12":-0.000009745359420776367,"R20":0.000009745359420776367,"R21":-0.38886764645576477,"R22":0.9212936162948608},"CanCollide":false,"CanTouch":false,"Color3uint8":"4289352960","EnableFluidForces":false,"Material":512,"MaterialVariantSerialized":"","Transparency":1,"size":{"x":0.99993896484375,"y":10,"z":8.666814804077148},"AttributesSerialize":"","DefinesCapabilities":false,"Name":"Main"},"attributes":null,"tags":[]}
{"referent":"6793","class":"UnionOperation","name":"CollisionPart","path":"Workspace.Bases.Base.Triangle Floor.Triangle Floor.CollisionParts.CollisionPart","parent_referent":"6792","properties":{"AssetId":"https://www.roblox.com//asset/?id=12324795465","ComponentIndex":-1,"FormFactor":3,"InitialSize":{"x":0.99993896484375,"y":10,"z":8.666814804077148},"OffCentered":false,"UsePartColor":true,"CollisionFidelity":0,"FluidFidelityInternal":0,"InertiaMigrated":true,"UnscaledCofm":{"x":0.000030517578125,"y":5.469164685478929e-17,"z":1.4441853761672974},"UnscaledVolInertiaDiags":{"x":361.08599853515625,"y":184.24993896484375,"z":184.04718017578125},"UnscaledVolInertiaOffDiags":{"x":7.228014698648314e-20,"y":5.427516075462435e-16,"z":-2.26382366527039e-15},"UnscaledVolume":43.30598831176758,"Anchored":true,"CFrame":{"X":-139.23965454101562,"Y":93.4720458984375,"Z":-2406.29345703125,"R00":-0.000048160552978515625,"R01":-0.9212936758995056,"R02":-0.38886764645576477,"R10":-1,"R11":0.000048160552978515625,"R12":0.000009745359420776367,"R20":0.000009745359420776367,"R21":0.38886764645576477,"R22":-0.9212937355041504},"CanCollide":false,"Color3uint8":"4291045404","EnableFluidForces":false,"MaterialVariantSerialized":"","Transparency":1,"size":{"x":0.5499999523162842,"y":8,"z":6.927999973297119},"AttributesSerialize":"","DefinesCapabilities":false,"Name":"CollisionPart"},"attributes":null,"tags":[]}
