{"referent":"133","class":"Weld","name":"Weld","path":"Workspace.Military.Industrial Port.Brutus.Brutus.Armor.Weld","parent_referent":"132","properties":{"C1":{"X":-0.004669189453125,"Y":0.1273193359375,"Z":0.0198211669921875,"R00":1,"R01":0,"R02":0,"R10":0,"R11":1,"R12":0,"R20":0,"R21":0,"R22":1},"Part0":"131","Part1":"132","AttributesSerialize":"","DefinesCapabilities":false},"attributes":null,"tags":[]}
{"referent":"140","class":"Weld","name":"Weld","path":"Workspace.Military.Industrial Port.Brutus.Brutus.RightUpperLeg.Weld","parent_referent":"131","properties":{"Part0":"141","Part1":"131","AttributesSerialize":"","DefinesCapabilities":false},"attributes":null,"tags":[]}
{"referent":"167","class":"Weld","name":"Weld","path":"Workspace.Military.Industrial Port.Brutus.Brutus.RightUpperArm.Weld","parent_referent":"166","properties":{"Part0":"168","Part1":"166","AttributesSerialize":"","DefinesCapabilities":false},"attributes":null,"tags":[]}
{"referent":"170","class":"Weld","name":"Weld","path":"Workspace.Military.Industrial Port.Brutus.Brutus.Armor.Weld","parent_referent":"169","properties":{"C1":{"X":-0.009429931640625,"Y":0.0362548828125,"Z":-0.003631591796875,"R00":1,"R01":0,"R02":0,"R10":0,"R11":1,"R12":0,"R20":0,"R21":0,"R22":1},"Part0":"166","Part1":"169","AttributesSerialize":"","DefinesCapabilities":false},"attributes":null,"tags":[]}
{"referent":"175","class":"Weld","name":"Weld","path":"Workspace.Military.Industrial Port.Brutus.Default.LeftHand.Weld","parent_referent":"174","properties":{"Part0":"176","Part1":"174","AttributesSerialize":"","DefinesCapabilities":false},"attributes":null,"tags":[]}
{"referent":"178","class":"Weld","name":"Weld","path":"Workspace.Military.Industrial Port.Brutus.Default.Armor.Weld","parent_referent":"177","properties":{"C1":{"X":0.001251220703125,"Y":-0.00244140625,"Z":0.0003170967102050781,"R00":1,"R01":0,"R02":0,"R10":0,"R11":1,"R12":0,"R20":0,"R21":0,"R22":1},"Part0":"174","Part1":"177","AttributesSerialize":"","DefinesCapabilities":false},"attributes":null,"tags":[]}
{"referent":"188","class":"Weld","name":"Weld","path":"Workspace.Military.Industrial Port.Brutus.Default.Armor.Weld","parent_referent":"187","properties":{"C1":{"X":-0.005645751953125,"Y":-0.00238037109375,"Z":-0.000029802322387695312,"R00":1,"R01":0,"R02":0,"R10":0,"R11":1,"R12":0,"R20":0,"R21":0,"R22":1},"Part0":"186","Part1":"187","AttributesSerialize":"","DefinesCapabilities":false},"attributes":null,"tags":[]}
{"referent":"189","class":"Weld","name":"Weld","path":"Workspace.Military.Industrial Port.Brutus.Default.RightHand.Weld","parent_referent":"186","properties":{"Part0":"190","Part1":"186","AttributesSerialize":"","DefinesCapabilities":false},"attributes":null,"tags":[]}
{"referent":"194","class":"Weld","name":"Weld","path":"Workspace.Military.Industrial Port.Brutus.Brutus.Armor.Weld","parent_referent":"193","properties":{"C1":{"X":-0.00067138671875,"Y":0.0216064453125,"Z":0.117767333984375,"R00":1,"R01":0,"R02":0,"R10":0,"R11":1,"R12":0,"R20":0,"R21":0,"R22":1},"Part0":"192","Part1":"193","AttributesSerialize":"","DefinesCapabilities":false},"attributes":null,"tags":[]}
{"referent":"195","class":"Weld","name":"Weld","path":"Workspace.Military.Industrial Port.Brutus.Brutus.LeftFoot.Weld","parent_referent":"192","properties":{"Part0":"196","Part1":"192","AttributesSerialize":"","DefinesCapabilities":false},"attributes":null,"tags":[]}
{"referent":"200","class":"Weld","name":"Weld","path":"Workspace.Military.Industrial Port.Brutus.Brutus.Armor.Weld","parent_referent":"199","properties":{"C1":{"X":0.9014434814453125,"Y":0.0225830078125,"Z":-0.31182861328125,"R00":0.08456337451934814,"R01":0.002069867914542556,"R02":0.9964159727096558,"R10":0.0014341954374685884,"R11":0.999996542930603,"R12":-0.002199022565037012,"R20":-0.9964170455932617,"R21":0.001615012064576149,"R22":0.08456015586853027},"Part0":"198","Part1":"199","AttributesSerialize":"","DefinesCapabilities":false},"attributes":null,"tags":[]}
{"referent":"202","class":"Weld","name":"Weld","path":"Workspace.Military.Industrial Port.Brutus.Brutus.Armor.Weld","parent_referent":"201","properties":{"C1":{"X":0.7563095092773438,"Y":-0.32861328125,"Z":-0.00982666015625,"R00":-1.1920928955078125e-7,"R01":0,"R02":1.0000001192092896,"R10":0,"R11":1,"R12":0,"R20":-1.0000001192092896,"R21":0,"R22":-1.1920928955078125e-7},"Part0":"198","Part1":"201","AttributesSerialize":"","DefinesCapabilities":false},"attributes":null,"tags":[]}
{"referent":"204","class":"Weld","name":"Weld","path":"Workspace.Military.Industrial Port.Brutus.Brutus.Armor.Weld","parent_referent":"203","properties":{"C1":{"X":0.9343414306640625,"Y":1.208740234375,"Z":0.25299072265625,"R00":-0.5456136465072632,"R01":-0.10021653026342392,"R02":0.8320230841636658,"R10":-0.05498754233121872,"R11":0.994965672492981,"R12":0.08378379791975021,"R20":-0.8362309336662292,"R21":-0.000037319958209991455,"R22":-0.548377513885498},"Part0":"198","Part1":"203","AttributesSerialize":"","DefinesCapabilities":false},"attributes":null,"tags":[]}
{"referent":"206","class":"Weld","name":"Weld","path":"Workspace.Military.Industrial Port.Brutus.Brutus.Armor.Weld","parent_referent":"205","properties":{"C1":{"X":0.9194793701171875,"Y":0.486083984375,"Z":0.323394775390625,"R00":-0.07423412799835205,"R01":-0.008336298167705536,"R02":0.9972059726715088,"R10":-0.0014062854461371899,"R11":0.9999649524688721,"R12":0.008254675194621086,"R20":-0.9972398281097412,"R21":-0.0007895783055573702,"R22":-0.07424318790435791},"Part0":"198","Part1":"205","AttributesSerialize":"","DefinesCapabilities":false},"attributes":null,"tags":[]}
{"referent":"208","class":"Weld","name":"Weld","path":"Workspace.Military.Industrial Port.Brutus.Brutus.Armor.Weld","parent_referent":"207","properties":{"C1":{"X":-0.0045013427734375,"Y":-0.027587890625,"Z":-0.000335693359375,"R00":-1.1920928955078125e-7,"R01":0,"R02":1.0000001192092896,"R10":0,"R11":1,"R12":0,"R20":-1.0000001192092896,"R21":0,"R22":-1.1920928955078125e-7},"Part0":"198","Part1":"207","AttributesSerialize":"","DefinesCapabilities":false},"attributes":null,"tags":[]}
{"referent":"209","class":"Weld","name":"Weld","path":"Workspace.Military.Industrial Port.Brutus.Brutus.UpperTorso.Weld","parent_referent":"198","properties":{"Part0":"148","Part1":"198","AttributesSerialize":"","DefinesCapabilities":false},"attributes":null,"tags":[]}
{"referent":"211","class":"Weld","name":"Weld","path":"Workspace.Military.Industrial Port.Brutus.Brutus.Armor.Weld","parent_referent":"210","properties":{"C1":{"X":0.8944091796875,"Y":1.204833984375,"Z":0.020263671875,"R00":-0.5456136465072632,"R01":-0.10021653026342392,"R02":0.8320230841636658,"R10":-0.05498754233121872,"R11":0.994965672492981,"R12":0.08378379791975021,"R20":-0.8362309336662292,"R21":-0.000037319958209991455,"R22":-0.548377513885498},"Part0":"198","Part1":"210","AttributesSerialize":"","DefinesCapabilities":false},"attributes":null,"tags":[]}
{"referent":"213","class":"Weld","name":"Weld","path":"Workspace.Military.Industrial Port.Brutus.Brutus.Armor.Weld","parent_referent":"212","properties":{"C1":{"X":0.9049606323242188,"Y":0.4862060546875,"Z":0.02996826171875,"R00":0.009001970291137695,"R01":-0.008172468282282352,"R02":0.9999261498451233,"R10":-0.0014281149487942457,"R11":0.999965488910675,"R12":0.008185647428035736,"R20":-0.9999585747718811,"R21":-0.001501697115600109,"R22":0.008989989757537842},"Part0":"198","Part1":"212","AttributesSerialize":"","DefinesCapabilities":false},"attributes":null,"tags":[]}
{"referent":"215","class":"Weld","name":"Weld","path":"Workspace.Military.Industrial Port.Brutus.Brutus.Armor.Weld","parent_referent":"214","properties":{"C1":{"X":0.8859405517578125,"Y":-0.33349609375,"Z":-0.310455322265625,"R00":0.08456337451934814,"R01":0.002069867914542556,"R02":0.9964159727096558,"R10":0.0014341954374685884,"R11":0.999996542930603,"R12":-0.002199022565037012,"R20":-0.9964170455932617,"R21":0.001615012064576149,"R22":0.08456015586853027},"Part0":"198","Part1":"214","AttributesSerialize":"","DefinesCapabilities":false},"attributes":null,"tags":[]}
{"referent":"217","class":"Weld","name":"Weld","path":"Workspace.Military.Industrial Port.Brutus.Brutus.Armor.Weld","parent_referent":"216","properties":{"C1":{"X":0.934814453125,"Y":1.1875,"Z":0.25701904296875,"R00":-0.5456136465072632,"R01":-0.10021653026342392,"R02":0.8320230841636658,"R10":-0.05498754233121872,"R11":0.994965672492981,"R12":0.08378379791975021,"R20":-0.8362309336662292,"R21":-0.000037319958209991455,"R22":-0.548377513885498},"Part0":"198","Part1":"216","AttributesSerialize":"","DefinesCapabilities":false},"attributes":null,"tags":[]}
{"referent":"219","class":"Weld","name":"Weld","path":"Workspace.Military.Industrial Port.Brutus.Brutus.Armor.Weld","parent_referent":"218","properties":{"C1":{"X":0.916229248046875,"Y":1.2406005859375,"Z":0.13043212890625,"R00":-0.5456136465072632,"R01":-0.10021653026342392,"R02":0.8320230841636658,"R10":-0.05498754233121872,"R11":0.994965672492981,"R12":0.08378379791975021,"R20":-0.8362309336662292,"R21":-0.000037319958209991455,"R22":-0.548377513885498},"Part0":"198","Part1":"218","AttributesSerialize":"","DefinesCapabilities":false},"attributes":null,"tags":[]}
{"referent":"221","class":"Weld","name":"Weld","path":"Workspace.Military.Industrial Port.Brutus.Brutus.Armor.Weld","parent_referent":"220","properties":{"C1":{"X":0.919158935546875,"Y":1.2139892578125,"Z":0.13397216796875,"R00":-0.5456136465072632,"R01":-0.10021653026342392,"R02":0.8320230841636658,"R10":-0.05498754233121872,"R11":0.994965672492981,"R12":0.08378379791975021,"R20":-0.8362309336662292,"R21":-0.000037319958209991455,"R22":-0.548377513885498},"Part0":"198","Part1":"220","AttributesSerialize":"","DefinesCapabilities":false},"attributes":null,"tags":[]}
{"referent":"223","class":"Weld","name":"Weld","path":"Workspace.Military.Industrial Port.Brutus.Brutus.Armor.Weld","parent_referent":"222","properties":{"C1":{"X":0.8985137939453125,"Y":0.4287109375,"Z":-0.311767578125,"R00":0.08456337451934814,"R01":0.002069867914542556,"R02":0.9964159727096558,"R10":0.0014341954374685884,"R11":0.999996542930603,"R12":-0.002199022565037012,"R20":-0.9964170455932617,"R21":0.001615012064576149,"R22":0.08456015586853027},"Part0":"198","Part1":"222","AttributesSerialize":"","DefinesCapabilities":false},"attributes":null,"tags":[]}
{"referent":"225","class":"Weld","name":"Weld","path":"Workspace.Military.Industrial Port.Brutus.Brutus.Armor.Weld","parent_referent":"224","properties":{"C1":{"X":0.8807373046875,"Y":0.8311767578125,"Z":0.12249755859375,"R00":-0.5456136465072632,"R01":-0.10021653026342392,"R02":0.8320230841636658,"R10":-0.05498754233121872,"R11":0.994965672492981,"R12":0.08378379791975021,"R20":-0.8362309336662292,"R21":-0.000037319958209991455,"R22":-0.548377513885498},"Part0":"198","Part1":"224","AttributesSerialize":"","DefinesCapabilities":false},"attributes":null,"tags":[]}
{"referent":"227","class":"Weld","name":"Weld","path":"Workspace.Military.Industrial Port.Brutus.Brutus.Armor.Weld","parent_referent":"226","properties":{"C1":{"X":0.897186279296875,"Y":1.2301025390625,"Z":0.02667236328125,"R00":-0.5456136465072632,"R01":-0.10021653026342392,"R02":0.8320230841636658,"R10":-0.05498754233121872,"R11":0.994965672492981,"R12":0.08378379791975021,"R20":-0.8362309336662292,"R21":-0.000037319958209991455,"R22":-0.548377513885498},"Part0":"198","Part1":"226","AttributesSerialize":"","DefinesCapabilities":false},"attributes":null,"tags":[]}
{"referent":"241","class":"Weld","name":"Weld","path":"Workspace.Military.Industrial Port.Brutus.Brutus.Armor.Weld","parent_referent":"240","properties":{"C1":{"X":-0.014251708984375,"Y":0.005859375,"Z":0.07047271728515625,"R00":1,"R01":0,"R02":0,"R10":0,"R11":1,"R12":0,"R20":0,"R21":0,"R22":1},"Part0":"239","Part1":"240","AttributesSerialize":"","DefinesCapabilities":false},"attributes":null,"tags":[]}
{"referent":"249","class":"Weld","name":"Weld","path":"Workspace.Military.Industrial Port.Brutus.Brutus.RightLowerLeg.Weld","parent_referent":"239","properties":{"Part0":"145","Part1":"239","AttributesSerialize":"","DefinesCapabilities":false},"attributes":null,"tags":[]}
{"referent":"253","class":"Weld","name":"Weld","path":"Workspace.Military.Industrial Port.Brutus.Brutus.LeftLowerArm.Weld","parent_referent":"252","properties":{"Part0":"254","Part1":"252","AttributesSerialize":"","DefinesCapabilities":false},"attributes":null,"tags":[]}
{"referent":"256","class":"Weld","name":"Weld","path":"Workspace.Military.Industrial Port.Brutus.Brutus.Armor.Weld","parent_referent":"255","properties":{"C1":{"X":0.00152587890625,"Y":-0.087158203125,"Z":0.01758575439453125,"R00":-1,"R01":0,"R02":0,"R10":0,"R11":1,"R12":0,"R20":0,"R21":0,"R22":-1},"Part0":"252","Part1":"255","AttributesSerialize":"","DefinesCapabilities":false},"attributes":null,"tags":[]}
{"referent":"260","class":"Weld","name":"Weld","path":"Workspace.Military.Industrial Port.Brutus.Brutus.Armor.Weld","parent_referent":"259","properties":{"C1":{"X":-0.00042724609375,"Y":-0.1390380859375,"Z":-0.05748748779296875,"R00":1,"R01":0,"R02":0,"R10":0,"R11":1,"R12":0,"R20":0,"R21":0,"R22":1},"Part0":"258","Part1":"259","AttributesSerialize":"","DefinesCapabilities":false},"attributes":null,"tags":[]}
{"referent":"261","class":"Weld","name":"Weld","path":"Workspace.Military.Industrial Port.Brutus.Brutus.UpperTorso.Weld","parent_referent":"258","properties":{"Part0":"148","Part1":"258","AttributesSerialize":"","DefinesCapabilities":false},"attributes":null,"tags":[]}
{"referent":"271","class":"Weld","name":"Weld","path":"Workspace.Military.Industrial Port.Brutus.Brutus.LeftUpperLeg.Weld","parent_referent":"269","properties":{"Part0":"181","Part1":"269","AttributesSerialize":"","DefinesCapabilities":false},"attributes":null,"tags":[]}
{"referent":"278","class":"Weld","name":"Weld","path":"Workspace.Military.Industrial Port.Brutus.Brutus.Armor.Weld","parent_referent":"277","properties":{"C1":{"X":-0.014251708984375,"Y":-0.035888671875,"Z":0.072784423828125,"R00":1,"R01":0,"R02":0,"R10":0,"R11":1,"R12":0,"R20":0,"R21":0,"R22":1},"Part0":"269","Part1":"277","AttributesSerialize":"","DefinesCapabilities":false},"attributes":null,"tags":[]}
{"referent":"282","class":"Weld","name":"Weld","path":"Workspace.Military.Industrial Port.Brutus.Brutus.Armor.Weld","parent_referent":"281","properties":{"C1":{"X":-0.00921630859375,"Y":0.05322265625,"Z":0.00539398193359375,"R00":-1,"R01":0,"R02":0,"R10":0,"R11":1,"R12":0,"R20":0,"R21":0,"R22":-1},"Part0":"280","Part1":"281","AttributesSerialize":"","DefinesCapabilities":false},"attributes":null,"tags":[]}
{"referent":"283","class":"Weld","name":"Weld","path":"Workspace.Military.Industrial Port.Brutus.Brutus.LeftUpperArm.Weld","parent_referent":"280","properties":{"Part0":"262","Part1":"280","AttributesSerialize":"","DefinesCapabilities":false},"attributes":null,"tags":[]}
{"referent":"292","class":"Weld","name":"Weld","path":"Workspace.Military.Industrial Port.Brutus.Brutus.Armor.Weld","parent_referent":"291","properties":{"C1":{"X":-0.000274658203125,"Y":-0.1353759765625,"Z":0.019775390625,"R00":1,"R01":0,"R02":0,"R10":0,"R11":1,"R12":0,"R20":0,"R21":0,"R22":1},"Part0":"290","Part1":"291","AttributesSerialize":"","DefinesCapabilities":false},"attributes":null,"tags":[]}
{"referent":"294","class":"Weld","name":"Weld","path":"Workspace.Military.Industrial Port.Brutus.Brutus.RightLowerLeg.Weld","parent_referent":"290","properties":{"Part0":"145","Part1":"290","AttributesSerialize":"","DefinesCapabilities":false},"attributes":null,"tags":[]}
{"referent":"313","class":"Weld","name":"Weld","path":"Workspace.Military.Industrial Port.Brutus.Brutus.Armor.Weld","parent_referent":"312","properties":{"C1":{"X":-0.007965087890625,"Y":-0.00048828125,"Z":0.00006103515625,"R00":1,"R01":0,"R02":0,"R10":0,"R11":1,"R12":0,"R20":0,"R21":0,"R22":1},"Part0":"311","Part1":"312","AttributesSerialize":"","DefinesCapabilities":false},"attributes":null,"tags":[]}
{"referent":"314","class":"Weld","name":"Weld","path":"Workspace.Military.Industrial Port.Brutus.Brutus.LowerTorso.Weld","parent_referent":"311","properties":{"Part0":"156","Part1":"311","AttributesSerialize":"","DefinesCapabilities":false},"attributes":null,"tags":[]}
{"referent":"317","class":"Weld","name":"Weld","path":"Workspace.Military.Industrial Port.Brutus.Brutus.RightUpperLeg.Weld","parent_referent":"248","properties":{"Part0":"141","Part1":"248","AttributesSerialize":"","DefinesCapabilities":false},"attributes":null,"tags":[]}
{"referent":"324","class":"Weld","name":"Weld","path":"Workspace.Military.Industrial Port.Brutus.Brutus.Armor.Weld","parent_referent":"323","properties":{"C1":{"X":-0.014251708984375,"Y":-0.035888671875,"Z":0.072784423828125,"R00":1,"R01":0,"R02":0,"R10":0,"R11":1,"R12":0,"R20":0,"R21":0,"R22":1},"Part0":"248","Part1":"323","AttributesSerialize":"","DefinesCapabilities":false},"attributes":null,"tags":[]}
{"referent":"337","class":"Weld","name":"Handle 🡪 mainstock_low","path":"Workspace.Military.Industrial Port.Brutus.Default.Launcher.Handle.Handle 🡪 mainstock_low","parent_referent":"333","properties":{"C0":{"X":-0.0013751983642578125,"Y":0.028593063354492188,"Z":0.5654048919677734,"R00":1,"R01":0,"R02":0,"R10":0,"R11":1,"R12":0,"R20":0,"R21":0,"R22":1},"Part0":"333","Part1":"338","AttributesSerialize":"","DefinesCapabilities":false,"Name":"Handle 🡪 mainstock_low"},"attributes":null,"tags":[]}
{"referent":"345","class":"Weld","name":"Cylinder.012 🡪 AimBack","path":"Workspace.Military.Industrial Port.Brutus.Default.Launcher.Model.Cylinder.012.Cylinder.012 🡪 AimBack","parent_referent":"340","properties":{"C0":{"X":-0.00042724609375,"Y":0.39157533645629883,"Z":1.3623027801513672,"R00":1,"R01":0,"R02":0,"R10":0,"R11":1,"R12":0,"R20":0,"R21":0,"R22":1},"Part0":"340","Part1":"346","AttributesSerialize":"","DefinesCapabilities":false,"Name":"Cylinder.012 🡪 AimBack"},"attributes":null,"tags":[]}
{"referent":"347","class":"Weld","name":"BarrelMain","path":"Workspace.Military.Industrial Port.Brutus.Default.Launcher.Model.Cylinder.012.BarrelMain","parent_referent":"340","properties":{"C0":{"X":0.16255950927734375,"Y":0.13037109375,"Z":-0.4300384521484375,"R00":-1,"R01":0,"R02":0,"R10":0,"R11":-1,"R12":0,"R20":0,"R21":0,"R22":1},"Part0":"340","Part1":"330","AttributesSerialize":"","DefinesCapabilities":false,"Name":"BarrelMain"},"attributes":null,"tags":[]}
{"referent":"348","class":"Weld","name":"Cylinder.012 🡪 AimFront","path":"Workspace.Military.Industrial Port.Brutus.Default.Launcher.Model.Cylinder.012.Cylinder.012 🡪 AimFront","parent_referent":"340","properties":{"C0":{"X":-0.000244140625,"Y":0.39108705520629883,"Z":-0.056926727294921875,"R00":1,"R01":0,"R02":0,"R10":0,"R11":1,"R12":0,"R20":0,"R21":0,"R22":1},"Part0":"340","Part1":"349","AttributesSerialize":"","DefinesCapabilities":false,"Name":"Cylinder.012 🡪 AimFront"},"attributes":null,"tags":[]}
{"referent":"351","class":"Weld","name":"Cylinder.012 🡪 SightMain","path":"Workspace.Military.Industrial Port.Brutus.Default.Launcher.Model.Cylinder.012.Cylinder.012 🡪 SightMain","parent_referent":"340","properties":{"C0":{"X":-0.00042724609375,"Y":0.38565683364868164,"Z":0.3233814239501953,"R00":0,"R01":0,"R02":-1,"R10":0,"R11":1,"R12":0,"R20":1,"R21":0,"R22":0},"Part0":"340","Part1":"334","AttributesSerialize":"","DefinesCapabilities":false,"Name":"Cylinder.012 🡪 SightMain"},"attributes":null,"tags":[]}
{"referent":"352","class":"Weld","name":"Cylinder.012 🡪 FlashPart","path":"Workspace.Military.Industrial Port.Brutus.Default.Launcher.Model.Cylinder.012.Cylinder.012 🡪 FlashPart","parent_referent":"340","properties":{"C0":{"X":-0.00042724609375,"Y":0.11410951614379883,"Z":-0.34656524658203125,"R00":1,"R01":0,"R02":0,"R10":0,"R11":1,"R12":0,"R20":0,"R21":0,"R22":1},"Part0":"340","Part1":"326","AttributesSerialize":"","DefinesCapabilities":false,"Name":"Cylinder.012 🡪 FlashPart"},"attributes":null,"tags":[]}
{"referent":"372","class":"Weld","name":"Weld","path":"Workspace.Military.Industrial Port.Brutus.Brutus.Head.Weld","parent_referent":"371","properties":{"Part0":"228","Part1":"371","AttributesSerialize":"","DefinesCapabilities":false},"attributes":null,"tags":[]}
{"referent":"374","class":"Weld","name":"Weld","path":"Workspace.Military.Industrial Port.Brutus.Brutus.Armor.Weld","parent_referent":"373","properties":{"C1":{"X":0.00537109375,"Y":-0.97314453125,"Z":0.2262420654296875,"R00":-1.000000238418579,"R01":0,"R02":0,"R10":0,"R11":0.9927288293838501,"R12":0.12037244439125061,"R20":0,"R21":0.12037244439125061,"R22":-0.9927289485931396},"Part0":"371","Part1":"373","AttributesSerialize":"","DefinesCapabilities":false},"attributes":null,"tags":[]}
{"referent":"376","class":"Weld","name":"Weld","path":"Workspace.Military.Industrial Port.Brutus.Brutus.Armor.Weld","parent_referent":"375","properties":{"C1":{"X":0.0047607421875,"Y":-0.1202392578125,"Z":0.06097412109375,"R00":-1,"R01":0,"R02":0,"R10":0,"R11":1,"R12":0,"R20":0,"R21":0,"R22":-1},"Part0":"371","Part1":"375","AttributesSerialize":"","DefinesCapabilities":false},"attributes":null,"tags":[]}
{"referent":"378","class":"Weld","name":"Weld","path":"Workspace.Military.Industrial Port.Brutus.Brutus.Armor.Weld","parent_referent":"377","properties":{"C1":{"X":0.00537109375,"Y":-0.9139404296875,"Z":0.22467041015625,"R00":-1.000000238418579,"R01":0,"R02":0,"R10":0,"R11":0.9927288293838501,"R12":0.12037244439125061,"R20":0,"R21":0.12037244439125061,"R22":-0.9927289485931396},"Part0":"371","Part1":"377","AttributesSerialize":"","DefinesCapabilities":false},"attributes":null,"tags":[]}
{"referent":"380","class":"Weld","name":"Weld","path":"Workspace.Military.Industrial Port.Brutus.Brutus.Armor.Weld","parent_referent":"379","properties":{"C1":{"X":0.004791259765625,"Y":-0.23974609375,"Z":-0.5152587890625,"R00":-1,"R01":0,"R02":0,"R10":0,"R11":0.9997202754020691,"R12":0.023650577291846275,"R20":0,"R21":0.023650577291846275,"R22":-0.9997203350067139},"Part0":"371","Part1":"379","AttributesSerialize":"","DefinesCapabilities":false},"attributes":null,"tags":[]}
{"referent":"382","class":"Weld","name":"Weld","path":"Workspace.Military.Industrial Port.Brutus.Brutus.Armor.Weld","parent_referent":"381","properties":{"C1":{"X":0.004791259765625,"Y":0.20556640625,"Z":-0.636505126953125,"R00":-1,"R01":0,"R02":0,"R10":0,"R11":0.9997202754020691,"R12":0.023650577291846275,"R20":0,"R21":0.023650577291846275,"R22":-0.9997203350067139},"Part0":"371","Part1":"381","AttributesSerialize":"","DefinesCapabilities":false},"attributes":null,"tags":[]}
{"referent":"384","class":"Weld","name":"Weld","path":"Workspace.Military.Industrial Port.Brutus.Brutus.Armor.Weld","parent_referent":"383","properties":{"C1":{"X":0.004791259765625,"Y":-0.0472412109375,"Z":0.01218414306640625,"R00":-1,"R01":0,"R02":0,"R10":0,"R11":1,"R12":0,"R20":0,"R21":0,"R22":-1},"Part0":"371","Part1":"383","AttributesSerialize":"","DefinesCapabilities":false},"attributes":null,"tags":[]}
{"referent":"388","class":"Weld","name":"Weld","path":"Workspace.Military.Industrial Port.Brutus.Brutus.Armor.Weld","parent_referent":"387","properties":{"C1":{"X":-0.00067138671875,"Y":0.0216064453125,"Z":0.117767333984375,"R00":1,"R01":0,"R02":0,"R10":0,"R11":1,"R12":0,"R20":0,"R21":0,"R22":1},"Part0":"386","Part1":"387","AttributesSerialize":"","DefinesCapabilities":false},"attributes":null,"tags":[]}
{"referent":"389","class":"Weld","name":"Weld","path":"Workspace.Military.Industrial Port.Brutus.Brutus.RightFoot.Weld","parent_referent":"386","properties":{"Part0":"142","Part1":"386","AttributesSerialize":"","DefinesCapabilities":false},"attributes":null,"tags":[]}
{"referent":"393","class":"Weld","name":"Weld","path":"Workspace.Military.Industrial Port.Brutus.Brutus.Armor.Weld","parent_referent":"392","properties":{"C1":{"X":-0.014251708984375,"Y":0.005859375,"Z":0.070465087890625,"R00":1,"R01":0,"R02":0,"R10":0,"R11":1,"R12":0,"R20":0,"R21":0,"R22":1},"Part0":"391","Part1":"392","AttributesSerialize":"","DefinesCapabilities":false},"attributes":null,"tags":[]}
{"referent":"399","class":"Weld","name":"Weld","path":"Workspace.Military.Industrial Port.Brutus.Brutus.LeftLowerLeg.Weld","parent_referent":"391","properties":{"Part0":"179","Part1":"391","AttributesSerialize":"","DefinesCapabilities":false},"attributes":null,"tags":[]}
{"referent":"409","class":"Weld","name":"Weld","path":"Workspace.Military.Industrial Port.Brutus.Brutus.Armor.Weld","parent_referent":"408","properties":{"C1":{"X":0.009521484375,"Y":0.127197265625,"Z":-0.01947784423828125,"R00":-1,"R01":0,"R02":0,"R10":0,"R11":1,"R12":0,"R20":0,"R21":0,"R22":-1},"Part0":"407","Part1":"408","AttributesSerialize":"","DefinesCapabilities":false},"attributes":null,"tags":[]}
{"referent":"411","class":"Weld","name":"Weld","path":"Workspace.Military.Industrial Port.Brutus.Brutus.LeftUpperLeg.Weld","parent_referent":"407","properties":{"Part0":"181","Part1":"407","AttributesSerialize":"","DefinesCapabilities":false},"attributes":null,"tags":[]}
{"referent":"433","class":"Weld","name":"Weld","path":"Workspace.Military.Industrial Port.Brutus.Brutus.RightLowerArm.Weld","parent_referent":"432","properties":{"Part0":"422","Part1":"432","AttributesSerialize":"","DefinesCapabilities":false},"attributes":null,"tags":[]}
{"referent":"435","class":"Weld","name":"Weld","path":"Workspace.Military.Industrial Port.Brutus.Brutus.Armor.Weld","parent_referent":"434","properties":{"C1":{"X":-0.00506591796875,"Y":-0.0875244140625,"Z":-0.01025390625,"R00":1,"R01":0,"R02":0,"R10":0,"R11":1,"R12":0,"R20":0,"R21":0,"R22":1},"Part0":"432","Part1":"434","AttributesSerialize":"","DefinesCapabilities":false},"attributes":null,"tags":[]}
{"referent":"439","class":"Weld","name":"Weld","path":"Workspace.Military.Industrial Port.Brutus.Brutus.LeftLowerLeg.Weld","parent_referent":"437","properties":{"Part0":"179","Part1":"437","AttributesSerialize":"","DefinesCapabilities":false},"attributes":null,"tags":[]}
{"referent":"447","class":"Weld","name":"Weld","path":"Workspace.Military.Industrial Port.Brutus.Brutus.Armor.Weld","parent_referent":"446","properties":{"C1":{"X":0.005523681640625,"Y":-0.13525390625,"Z":-0.01943206787109375,"R00":-1,"R01":0,"R02":0,"R10":0,"R11":1,"R12":0,"R20":0,"R21":0,"R22":-1},"Part0":"437","Part1":"446","AttributesSerialize":"","DefinesCapabilities":false},"attributes":null,"tags":[]}
{"referent":"2379","class":"Weld","name":"Weld","path":"Workspace.VFX.Ragdolls.benjamin20021342637.Armor_113/Default.RightUpperLeg.Weld","parent_referent":"2378","properties":{"Part0":"2365","Part1":"2378","AttributesSerialize":"","DefinesCapabilities":false},"attributes":null,"tags":[]}
{"referent":"2387","class":"Weld","name":"Weld","path":"Workspace.VFX.Ragdolls.benjamin20021342637.Armor_113/Default.Armor.Weld","parent_referent":"2386","properties":{"C0":{"X":0,"Y":0,"Z":0,"R00":-1.1920928955078125e-7,"R01":0,"R02":1.0000001192092896,"R10":0,"R11":1,"R12":0,"R20":-1.0000001192092896,"R21":0,"R22":-1.1920928955078125e-7},"C1":{"X":-0.004974365234375,"Y":-0.01788330078125,"Z":0.0200653076171875,"R00":0,"R01":0,"R02":1,"R10":0,"R11":1,"R12":0,"R20":-1,"R21":0,"R22":0},"Part0":"2378","Part1":"2386","AttributesSerialize":"","DefinesCapabilities":false},"attributes":null,"tags":[]}
{"referent":"2408","class":"Weld","name":"Weld","path":"Workspace.VFX.Ragdolls.benjamin20021342637.HolsterModel.Handle.Weld","parent_referent":"2407","properties":{"C0":{"X":-0.4203000068664551,"Y":-0.025699999183416367,"Z":0.5777999758720398,"R00":0.7569968700408936,"R01":-0.6534006595611572,"R02":0.004834357649087906,"R10":-0.6534185409545898,"R11":-0.756976842880249,"R12":0.005569932982325554,"R20":0.000020097708329558372,"R21":-0.007375280372798443,"R22":-0.9999732971191406},"Part0":"2409","Part1":"2407","AttributesSerialize":"","DefinesCapabilities":false},"attributes":null,"tags":[]}
{"referent":"2414","class":"Weld","name":"Weld","path":"Workspace.VFX.Ragdolls.benjamin20021342637.HolsterModel.Attach.Weld","parent_referent":"2413","properties":{"C0":{"X":0,"Y":0,"Z":0,"R00":-0.9998494386672974,"R01":-0.017350271344184875,"R02":-0.00002191494422731921,"R10":0.01734963059425354,"R11":-0.9998219013214111,"R12":0.007424111478030682,"R20":-0.00015072140377014875,"R21":0.0074226139113307,"R22":0.9999724626541138},"C1":{"X":-0.03302001953125,"Y":-0.2713623046875,"Z":0.4837360382080078,"R00":-0.04692256450653076,"R01":-0.01848500594496727,"R02":-0.9987275004386902,"R10":-0.013241779059171677,"R11":0.999752402305603,"R12":-0.01788184605538845,"R20":0.9988108277320862,"R21":0.012385868467390537,"R22":-0.04715561866760254},"Part0":"2407","Part1":"2413","AttributesSerialize":"","DefinesCapabilities":false},"attributes":null,"tags":[]}
{"referent":"2418","class":"Weld","name":"Weld","path":"Workspace.VFX.Ragdolls.benjamin20021342637.HolsterModel.ArrowDetail.Weld","parent_referent":"2417","properties":{"C0":{"X":0,"Y":0,"Z":0,"R00":-0.9998494386672974,"R01":-0.017350271344184875,"R02":-0.00002191494422731921,"R10":0.01734963059425354,"R11":-0.9998219013214111,"R12":0.007424111478030682,"R20":-0.00015072140377014875,"R21":0.0074226139113307,"R22":0.9999724626541138},"C1":{"X":0.003997802734375,"Y":-0.044189453125,"Z":-2.4138612747192383,"R00":0,"R01":0,"R02":-1,"R10":0,"R11":-1,"R12":0,"R20":-1,"R21":0,"R22":0},"Part0":"2407","Part1":"2417","AttributesSerialize":"","DefinesCapabilities":false},"attributes":null,"tags":[]}
{"referent":"2420","class":"Weld","name":"Weld","path":"Workspace.VFX.Ragdolls.benjamin20021342637.HolsterModel.Wood.Weld","parent_referent":"2419","properties":{"C0":{"X":0,"Y":0,"Z":0,"R00":-0.9998494386672974,"R01":-0.017350271344184875,"R02":-0.00002191494422731921,"R10":0.01734963059425354,"R11":-0.9998219013214111,"R12":0.007424111478030682,"R20":-0.00015072140377014875,"R21":0.0074226139113307,"R22":0.9999724626541138},"C1":{"X":-0.0921630859375,"Y":-0.3902587890625,"Z":-0.3338947296142578,"R00":-1.1920928955078125e-7,"R01":0,"R02":1.0000001192092896,"R10":0,"R11":1,"R12":0,"R20":-1.0000001192092896,"R21":0,"R22":-1.1920928955078125e-7},"Part0":"2407","Part1":"2419","AttributesSerialize":"","DefinesCapabilities":false},"attributes":null,"tags":[]}
{"referent":"2422","class":"Weld","name":"Weld","path":"Workspace.VFX.Ragdolls.benjamin20021342637.HolsterModel.Cloth.Weld","parent_referent":"2421","properties":{"C0":{"X":0,"Y":0,"Z":0,"R00":-0.9998494386672974,"R01":-0.017350271344184875,"R02":-0.00002191494422731921,"R10":0.01734963059425354,"R11":-0.9998219013214111,"R12":0.007424111478030682,"R20":-0.00015072140377014875,"R21":0.0074226139113307,"R22":0.9999724626541138},"C1":{"X":-0.03271484375,"Y":-0.4097900390625,"Z":-0.21539592742919922,"R00":-1.1920928955078125e-7,"R01":0,"R02":1.0000001192092896,"R10":0,"R11":1,"R12":0,"R20":-1.0000001192092896,"R21":0,"R22":-1.1920928955078125e-7},"Part0":"2407","Part1":"2421","AttributesSerialize":"","DefinesCapabilities":false},"attributes":null,"tags":[]}
{"referent":"2424","class":"Weld","name":"Weld","path":"Workspace.VFX.Ragdolls.benjamin20021342637.HolsterModel.FlashPart.Weld","parent_referent":"2423","properties":{"C0":{"X":0,"Y":0,"Z":0,"R00":-0.9998494386672974,"R01":-0.017350271344184875,"R02":-0.00002191494422731921,"R10":0.01734963059425354,"R11":-0.9998219013214111,"R12":0.007424111478030682,"R20":-0.00015072140377014875,"R21":0.0074226139113307,"R22":0.9999724626541138},"C1":{"X":0.001800537109375,"Y":0.0360107421875,"Z":-1.1693925857543945,"R00":0,"R01":0,"R02":1,"R10":0,"R11":1,"R12":0,"R20":-1,"R21":0,"R22":0},"Part0":"2407","Part1":"2423","AttributesSerialize":"","DefinesCapabilities":false},"attributes":null,"tags":[]}
{"referent":"2426","class":"Weld","name":"Weld","path":"Workspace.VFX.Ragdolls.benjamin20021342637.HolsterModel.ArrowMain.Weld","parent_referent":"2425","properties":{"C0":{"X":0,"Y":0,"Z":0,"R00":-0.9998494386672974,"R01":-0.017350271344184875,"R02":-0.00002191494422731921,"R10":0.01734963059425354,"R11":-0.9998219013214111,"R12":0.007424111478030682,"R20":-0.00015072140377014875,"R21":0.0074226139113307,"R22":0.9999724626541138},"C1":{"X":-2.415864944458008,"Y":0,"Z":0,"R00":-0.9998494386672974,"R01":-0.017350271344184875,"R02":-0.00002191494422731921,"R10":0.01734963059425354,"R11":-0.9998219013214111,"R12":0.007424111478030682,"R20":-0.00015072140377014875,"R21":0.0074226139113307,"R22":0.9999724626541138},"Part0":"2407","Part1":"2425","AttributesSerialize":"","DefinesCapabilities":false},"attributes":null,"tags":[]}
{"referent":"2480","class":"Weld","name":"Weld","path":"Workspace.VFX.Ragdolls.benjamin20021342637.Armor_113/Default.LeftUpperLeg.Weld","parent_referent":"2476","properties":{"Part0":"2397","Part1":"2476","AttributesSerialize":"","DefinesCapabilities":false},"attributes":null,"tags":[]}
{"referent":"2485","class":"Weld","name":"Weld","path":"Workspace.VFX.Ragdolls.benjamin20021342637.Armor_113/Default.Armor.Weld","parent_referent":"2484","properties":{"C0":{"X":0,"Y":0,"Z":0,"R00":0,"R01":0,"R02":1,"R10":0,"R11":1,"R12":0,"R20":-1,"R21":0,"R22":0},"C1":{"X":-0.004974365234375,"Y":-0.01788330078125,"Z":0.0200653076171875,"R00":-1.1920928955078125e-7,"R01":0,"R02":1.0000001192092896,"R10":0,"R11":1,"R12":0,"R20":-1.0000001192092896,"R21":0,"R22":-1.1920928955078125e-7},"Part0":"2476","Part1":"2484","AttributesSerialize":"","DefinesCapabilities":false},"attributes":null,"tags":[]}
{"referent":"2488","class":"Weld","name":"Weld","path":"Workspace.VFX.Ragdolls.benjamin20021342637.Hair.Head.Weld","parent_referent":"2487","properties":{"Part0":"2451","Part1":"2487","AttributesSerialize":"","DefinesCapabilities":false},"attributes":null,"tags":[]}
{"referent":"2492","class":"Weld","name":"Weld","path":"Workspace.VFX.Ragdolls.benjamin20021342637.Hair.HairPart.Weld","parent_referent":"2490","properties":{"C1":{"X":-0.02893829345703125,"Y":0.1085205078125,"Z":-0.04215240478515625,"R00":1,"R01":0,"R02":0,"R10":0,"R11":1,"R12":0,"R20":0,"R21":0,"R22":1},"Part0":"2487","Part1":"2490","AttributesSerialize":"","DefinesCapabilities":false},"attributes":null,"tags":[]}
{"referent":"2496","class":"Weld","name":"Weld","path":"Workspace.VFX.Ragdolls.benjamin20021342637.Armor_113/Default.RightLowerLeg.Weld","parent_referent":"2494","properties":{"Part0":"2497","Part1":"2494","AttributesSerialize":"","DefinesCapabilities":false},"attributes":null,"tags":[]}
{"referent":"2505","class":"Weld","name":"Weld","path":"Workspace.VFX.Ragdolls.benjamin20021342637.Armor_113/Default.Armor.Weld","parent_referent":"2504","properties":{"C0":{"X":0,"Y":0,"Z":0,"R00":-1.1920928955078125e-7,"R01":0,"R02":1.0000001192092896,"R10":0,"R11":1,"R12":0,"R20":-1.0000001192092896,"R21":0,"R22":-1.1920928955078125e-7},"C1":{"X":-0.001129150390625,"Y":-0.29840087890625,"Z":0.01702880859375,"R00":0,"R01":0,"R02":1,"R10":0,"R11":1,"R12":0,"R20":-1,"R21":0,"R22":0},"Part0":"2494","Part1":"2504","AttributesSerialize":"","DefinesCapabilities":false},"attributes":null,"tags":[]}
{"referent":"2526","class":"Weld","name":"Weld","path":"Workspace.VFX.Ragdolls.benjamin20021342637.Armor_124/Default.Armor.Weld","parent_referent":"2525","properties":{"C1":{"X":-0.00907135009765625,"Y":0.03753662109375,"Z":-0.03313875198364258,"R00":1,"R01":0,"R02":0,"R10":0,"R11":1,"R12":0,"R20":0,"R21":0,"R22":1},"Part0":"2524","Part1":"2525","AttributesSerialize":"","DefinesCapabilities":false},"attributes":null,"tags":[]}
{"referent":"2527","class":"Weld","name":"Weld","path":"Workspace.VFX.Ragdolls.benjamin20021342637.Armor_124/Default.UpperTorso.Weld","parent_referent":"2524","properties":{"Part0":"2409","Part1":"2524","AttributesSerialize":"","DefinesCapabilities":false},"attributes":null,"tags":[]}
{"referent":"2539","class":"Weld","name":"Weld","path":"Workspace.VFX.Ragdolls.benjamin20021342637.Armor_113/Default.Armor.Weld","parent_referent":"2538","properties":{"C0":{"X":0,"Y":0,"Z":0,"R00":0,"R01":0,"R02":1,"R10":0,"R11":1,"R12":0,"R20":-1,"R21":0,"R22":0},"C1":{"X":-0.001129150390625,"Y":-0.29840087890625,"Z":0.01702880859375,"R00":-1.1920928955078125e-7,"R01":0,"R02":1.0000001192092896,"R10":0,"R11":1,"R12":0,"R20":-1.0000001192092896,"R21":0,"R22":-1.1920928955078125e-7},"Part0":"2537","Part1":"2538","AttributesSerialize":"","DefinesCapabilities":false},"attributes":null,"tags":[]}
{"referent":"2540","class":"Weld","name":"Weld","path":"Workspace.VFX.Ragdolls.benjamin20021342637.Armor_113/Default.LeftLowerLeg.Weld","parent_referent":"2537","properties":{"Part0":"2528","Part1":"2537","AttributesSerialize":"","DefinesCapabilities":false},"attributes":null,"tags":[]}
{"referent":"2559","class":"Weld","name":"Weld","path":"Workspace.VFX.Ragdolls.benjamin20021342637.Armor_124/Default.Armor.Weld","parent_referent":"2558","properties":{"C1":{"X":0.05626678466796875,"Y":-0.27252197265625,"Z":0.026098251342773438,"R00":-0.9993922710418701,"R01":-0.03486879914999008,"R02":0,"R10":-0.03486879914999008,"R11":0.9993919134140015,"R12":0,"R20":0,"R21":0,"R22":-1.0000004768371582},"Part0":"2557","Part1":"2558","AttributesSerialize":"","DefinesCapabilities":false},"attributes":null,"tags":[]}
{"referent":"2560","class":"Weld","name":"Weld","path":"Workspace.VFX.Ragdolls.benjamin20021342637.Armor_124/Default.RightUpperArm.Weld","parent_referent":"2557","properties":{"Part0":"2561","Part1":"2557","AttributesSerialize":"","DefinesCapabilities":false},"attributes":null,"tags":[]}
{"referent":"2610","class":"Weld","name":"Weld","path":"Workspace.VFX.Ragdolls.benjamin20021342637.Armor_124/Default.LeftUpperArm.Weld","parent_referent":"2609","properties":{"Part0":"2513","Part1":"2609","AttributesSerialize":"","DefinesCapabilities":false},"attributes":null,"tags":[]}
{"referent":"2612","class":"Weld","name":"Weld","path":"Workspace.VFX.Ragdolls.benjamin20021342637.Armor_124/Default.Armor.Weld","parent_referent":"2611","properties":{"C1":{"X":-0.0142822265625,"Y":-0.31292724609375,"Z":0.025098800659179688,"R00":-0.9993922710418701,"R01":0.03486879914999008,"R02":0,"R10":0.03486879914999008,"R11":0.9993919134140015,"R12":0,"R20":0,"R21":0,"R22":-1.0000004768371582},"Part0":"2609","Part1":"2611","AttributesSerialize":"","DefinesCapabilities":false},"attributes":null,"tags":[]}
{"referent":"3464","class":"Weld","name":"Handle 🡪 Part","path":"Workspace.Drops.Lighter.Handle.Handle 🡪 Part","parent_referent":"3463","properties":{"C0":{"X":-0.0005439313245005906,"Y":0.5120787024497986,"Z":-0.10051578283309937,"R00":0,"R01":0,"R02":1,"R10":0,"R11":-1,"R12":0,"R20":1,"R21":0,"R22":0},"Part0":"3463","AttributesSerialize":"","DefinesCapabilities":false,"Name":"Handle 🡪 Part"},"attributes":null,"tags":[]}
{"referent":"3485","class":"Weld","name":"Weld","path":"Workspace.Animals.PREFAB_ANIMAL_DEER.Detail.WeldPart.Weld","parent_referent":"3484","properties":{"C1":{"X":0,"Y":0.9999885559082031,"Z":0,"R00":1,"R01":0,"R02":0,"R10":0,"R11":1,"R12":0,"R20":0,"R21":0,"R22":1},"Part0":"3480","Part1":"3484","AttributesSerialize":"","DefinesCapabilities":false},"attributes":null,"tags":[]}
{"referent":"3486","class":"Weld","name":"RootPart","path":"Workspace.Animals.PREFAB_ANIMAL_DEER.Detail.WeldPart.RootPart","parent_referent":"3484","properties":{"C0":{"X":0.129302978515625,"Y":-0.48187255859375,"Z":0.3300018310546875,"R00":1,"R01":0,"R02":0,"R10":0,"R11":1,"R12":0,"R20":0,"R21":0,"R22":1},"Part0":"3484","Part1":"3483","AttributesSerialize":"","DefinesCapabilities":false,"Name":"RootPart"},"attributes":null,"tags":[]}
{"referent":"3605","class":"Weld","name":"RootPart","path":"Workspace.Animals.PREFAB_ANIMAL_DEER.Detail.WeldPart.RootPart","parent_referent":"3604","properties":{"C0":{"X":0.129302978515625,"Y":-0.48187255859375,"Z":0.3300018310546875,"R00":1,"R01":0,"R02":0,"R10":0,"R11":1,"R12":0,"R20":0,"R21":0,"R22":1},"Part0":"3604","Part1":"3548","AttributesSerialize":"","DefinesCapabilities":false,"Name":"RootPart"},"attributes":null,"tags":[]}
